Temperature (K)	Pressure (bar)	Density (mol/l)	Volume (l/mol)	Internal Energy (kJ/mol)	Enthalpy (kJ/mol)	Entropy (J/mol*K)	Cv (J/mol*K)	Cp (J/mol*K)	Sound Spd. (m/s)	Joule-Thomson (K/bar)	Viscosity (uPa*s)	Therm. Cond. (W/m*K)	Phase
298.00	0.0000	0.0000	infinite	12.971	15.449	445.20	12.472	20.786	177.35	undefined	22.879	0.0054834	vapor
298.00	0.0025000	0.00010090	9910.7	12.971	15.449	138.81	12.472	20.787	177.35	1.8274	22.881	0.0054847	vapor
298.00	0.0050000	0.00020180	4955.3	12.971	15.449	133.04	12.472	20.787	177.35	1.8274	22.882	0.0054852	vapor
298.00	0.0075000	0.00030271	3303.5	12.971	15.448	129.67	12.472	20.788	177.35	1.8274	22.883	0.0054856	vapor
298.00	0.010000	0.00040362	2477.6	12.971	15.448	127.28	12.472	20.788	177.35	1.8274	22.883	0.0054859	vapor
298.00	0.012500	0.00050453	1982.0	12.971	15.448	125.42	12.472	20.789	177.34	1.8274	22.884	0.0054862	vapor
298.00	0.015000	0.00060544	1651.7	12.971	15.448	123.91	12.473	20.790	177.34	1.8274	22.884	0.0054865	vapor
298.00	0.017500	0.00070636	1415.7	12.971	15.448	122.63	12.473	20.790	177.34	1.8274	22.885	0.0054867	vapor
298.00	0.020000	0.00080728	1238.7	12.970	15.448	121.52	12.473	20.791	177.34	1.8274	22.885	0.0054870	vapor
298.00	0.022500	0.00090820	1101.1	12.970	15.448	120.54	12.473	20.791	177.34	1.8274	22.886	0.0054872	vapor
298.00	0.025000	0.0010091	990.96	12.970	15.448	119.66	12.473	20.792	177.34	1.8274	22.886	0.0054875	vapor
298.00	0.027500	0.0011101	900.86	12.970	15.448	118.87	12.473	20.792	177.34	1.8274	22.886	0.0054877	vapor
298.00	0.030000	0.0012110	825.78	12.970	15.448	118.14	12.473	20.793	177.34	1.8274	22.887	0.0054879	vapor
298.00	0.032500	0.0013119	762.24	12.970	15.447	117.48	12.474	20.794	177.34	1.8273	22.887	0.0054881	vapor
298.00	0.035000	0.0014129	707.79	12.970	15.447	116.86	12.474	20.794	177.34	1.8273	22.888	0.0054883	vapor
298.00	0.037500	0.0015138	660.59	12.970	15.447	116.29	12.474	20.795	177.34	1.8273	22.888	0.0054885	vapor
298.00	0.040000	0.0016147	619.30	12.970	15.447	115.75	12.474	20.795	177.33	1.8273	22.888	0.0054887	vapor
298.00	0.042500	0.0017157	582.86	12.970	15.447	115.25	12.474	20.796	177.33	1.8273	22.889	0.0054889	vapor
298.00	0.045000	0.0018166	550.47	12.970	15.447	114.77	12.474	20.796	177.33	1.8273	22.889	0.0054891	vapor
298.00	0.047500	0.0019176	521.49	12.970	15.447	114.32	12.474	20.797	177.33	1.8273	22.889	0.0054893	vapor
298.00	0.050000	0.0020185	495.41	12.970	15.447	113.89	12.475	20.798	177.33	1.8273	22.890	0.0054894	vapor
298.00	0.052500	0.0021195	471.82	12.970	15.447	113.49	12.475	20.798	177.33	1.8273	22.890	0.0054896	vapor
298.00	0.055000	0.0022204	450.36	12.970	15.447	113.10	12.475	20.799	177.33	1.8273	22.890	0.0054898	vapor
298.00	0.057500	0.0023214	430.78	12.970	15.447	112.73	12.475	20.799	177.33	1.8273	22.891	0.0054900	vapor
298.00	0.060000	0.0024223	412.82	12.969	15.446	112.38	12.475	20.800	177.33	1.8273	22.891	0.0054901	vapor
298.00	0.062500	0.0025233	396.30	12.969	15.446	112.04	12.475	20.800	177.33	1.8272	22.891	0.0054903	vapor
298.00	0.065000	0.0026243	381.06	12.969	15.446	111.71	12.475	20.801	177.33	1.8272	22.891	0.0054905	vapor
298.00	0.067500	0.0027252	366.94	12.969	15.446	111.40	12.476	20.801	177.32	1.8272	22.892	0.0054906	vapor
298.00	0.070000	0.0028262	353.83	12.969	15.446	111.09	12.476	20.802	177.32	1.8272	22.892	0.0054908	vapor
298.00	0.072500	0.0029272	341.62	12.969	15.446	110.80	12.476	20.803	177.32	1.8272	22.892	0.0054910	vapor
298.00	0.075000	0.0030282	330.23	12.969	15.446	110.52	12.476	20.803	177.32	1.8272	22.893	0.0054911	vapor
298.00	0.077500	0.0031291	319.58	12.969	15.446	110.25	12.476	20.804	177.32	1.8272	22.893	0.0054913	vapor
298.00	0.080000	0.0032301	309.59	12.969	15.446	109.98	12.476	20.804	177.32	1.8272	22.893	0.0054914	vapor
298.00	0.082500	0.0033311	300.20	12.969	15.446	109.73	12.477	20.805	177.32	1.8272	22.894	0.0054916	vapor
298.00	0.085000	0.0034321	291.37	12.969	15.445	109.48	12.477	20.805	177.32	1.8272	22.894	0.0054918	vapor
298.00	0.087500	0.0035331	283.04	12.969	15.445	109.24	12.477	20.806	177.32	1.8272	22.894	0.0054919	vapor
298.00	0.090000	0.0036341	275.17	12.969	15.445	109.00	12.477	20.807	177.32	1.8272	22.894	0.0054921	vapor
298.00	0.092500	0.0037351	267.73	12.969	15.445	108.78	12.477	20.807	177.31	1.8271	22.895	0.0054922	vapor
298.00	0.095000	0.0038361	260.68	12.969	15.445	108.55	12.477	20.808	177.31	1.8271	22.895	0.0054924	vapor
298.00	0.097500	0.0039371	254.00	12.969	15.445	108.34	12.477	20.808	177.31	1.8271	22.895	0.0054925	vapor
298.00	0.10000	0.0040381	247.64	12.968	15.445	108.13	12.478	20.809	177.31	1.8271	22.896	0.0054927	vapor
298.00	0.10250	0.0041391	241.60	12.968	15.445	107.92	12.478	20.809	177.31	1.8271	22.896	0.0054928	vapor
298.00	0.10500	0.0042401	235.84	12.968	15.445	107.72	12.478	20.810	177.31	1.8271	22.896	0.0054930	vapor
298.00	0.10750	0.0043411	230.36	12.968	15.445	107.52	12.478	20.811	177.31	1.8271	22.896	0.0054931	vapor
298.00	0.11000	0.0044421	225.12	12.968	15.445	107.33	12.478	20.811	177.31	1.8271	22.897	0.0054932	vapor
298.00	0.11250	0.0045431	220.11	12.968	15.444	107.15	12.478	20.812	177.31	1.8271	22.897	0.0054934	vapor
298.00	0.11500	0.0046442	215.32	12.968	15.444	106.96	12.478	20.812	177.31	1.8271	22.897	0.0054935	vapor
298.00	0.11750	0.0047452	210.74	12.968	15.444	106.78	12.479	20.813	177.31	1.8271	22.897	0.0054937	vapor
298.00	0.12000	0.0048462	206.35	12.968	15.444	106.61	12.479	20.813	177.30	1.8271	22.898	0.0054938	vapor
298.00	0.12250	0.0049472	202.13	12.968	15.444	106.44	12.479	20.814	177.30	1.8270	22.898	0.0054940	vapor
298.00	0.12500	0.0050483	198.09	12.968	15.444	106.27	12.479	20.815	177.30	1.8270	22.898	0.0054941	vapor
298.00	0.12750	0.0051493	194.20	12.968	15.444	106.10	12.479	20.815	177.30	1.8270	22.898	0.0054942	vapor
298.00	0.13000	0.0052503	190.46	12.968	15.444	105.94	12.479	20.816	177.30	1.8270	22.899	0.0054944	vapor
298.00	0.13250	0.0053514	186.87	12.968	15.444	105.78	12.479	20.816	177.30	1.8270	22.899	0.0054945	vapor
298.00	0.13500	0.0054524	183.41	12.968	15.444	105.63	12.480	20.817	177.30	1.8270	22.899	0.0054947	vapor
298.00	0.13750	0.0055535	180.07	12.968	15.443	105.48	12.480	20.817	177.30	1.8270	22.899	0.0054948	vapor
298.00	0.14000	0.0056545	176.85	12.967	15.443	105.33	12.480	20.818	177.30	1.8270	22.900	0.0054949	vapor
298.00	0.14250	0.0057555	173.75	12.967	15.443	105.18	12.480	20.819	177.30	1.8270	22.900	0.0054951	vapor
298.00	0.14500	0.0058566	170.75	12.967	15.443	105.03	12.480	20.819	177.30	1.8270	22.900	0.0054952	vapor
298.00	0.14750	0.0059576	167.85	12.967	15.443	104.89	12.480	20.820	177.29	1.8270	22.901	0.0054953	vapor
298.00	0.15000	0.0060587	165.05	12.967	15.443	104.75	12.480	20.820	177.29	1.8270	22.901	0.0054955	vapor
298.00	0.15250	0.0061598	162.34	12.967	15.443	104.61	12.481	20.821	177.29	1.8270	22.901	0.0054956	vapor
298.00	0.15500	0.0062608	159.72	12.967	15.443	104.48	12.481	20.821	177.29	1.8269	22.901	0.0054958	vapor
298.00	0.15750	0.0063619	157.19	12.967	15.443	104.34	12.481	20.822	177.29	1.8269	22.902	0.0054959	vapor
298.00	0.16000	0.0064630	154.73	12.967	15.443	104.21	12.481	20.823	177.29	1.8269	22.902	0.0054960	vapor
298.00	0.16250	0.0065640	152.35	12.967	15.443	104.08	12.481	20.823	177.29	1.8269	22.902	0.0054961	vapor
298.00	0.16500	0.0066651	150.04	12.967	15.442	103.96	12.481	20.824	177.29	1.8269	22.902	0.0054963	vapor
298.00	0.16750	0.0067662	147.79	12.967	15.442	103.83	12.481	20.824	177.29	1.8269	22.903	0.0054964	vapor
298.00	0.17000	0.0068672	145.62	12.967	15.442	103.71	12.482	20.825	177.29	1.8269	22.903	0.0054965	vapor
298.00	0.17250	0.0069683	143.51	12.967	15.442	103.59	12.482	20.825	177.29	1.8269	22.903	0.0054967	vapor
298.00	0.17500	0.0070694	141.45	12.967	15.442	103.47	12.482	20.826	177.28	1.8269	22.903	0.0054968	vapor
298.00	0.17750	0.0071705	139.46	12.967	15.442	103.35	12.482	20.826	177.28	1.8269	22.904	0.0054969	vapor
298.00	0.18000	0.0072716	137.52	12.966	15.442	103.23	12.482	20.827	177.28	1.8269	22.904	0.0054971	vapor
298.00	0.18250	0.0073727	135.64	12.966	15.442	103.12	12.482	20.828	177.28	1.8269	22.904	0.0054972	vapor
298.00	0.18500	0.0074738	133.80	12.966	15.442	103.00	12.482	20.828	177.28	1.8268	22.904	0.0054973	vapor
298.00	0.18750	0.0075749	132.02	12.966	15.442	102.89	12.483	20.829	177.28	1.8268	22.905	0.0054975	vapor
298.00	0.19000	0.0076760	130.28	12.966	15.441	102.78	12.483	20.829	177.28	1.8268	22.905	0.0054976	vapor
298.00	0.19250	0.0077771	128.58	12.966	15.441	102.67	12.483	20.830	177.28	1.8268	22.905	0.0054977	vapor
298.00	0.19500	0.0078782	126.93	12.966	15.441	102.57	12.483	20.830	177.28	1.8268	22.905	0.0054978	vapor
298.00	0.19750	0.0079793	125.32	12.966	15.441	102.46	12.483	20.831	177.28	1.8268	22.905	0.0054980	vapor
298.00	0.20000	0.0080804	123.76	12.966	15.441	102.36	12.483	20.832	177.27	1.8268	22.906	0.0054981	vapor
298.00	0.20250	0.0081815	122.23	12.966	15.441	102.25	12.484	20.832	177.27	1.8268	22.906	0.0054982	vapor
298.00	0.20500	0.0082826	120.73	12.966	15.441	102.15	12.484	20.833	177.27	1.8268	22.906	0.0054983	vapor
298.00	0.20750	0.0083837	119.28	12.966	15.441	102.05	12.484	20.833	177.27	1.8268	22.906	0.0054985	vapor
298.00	0.21000	0.0084848	117.86	12.966	15.441	101.95	12.484	20.834	177.27	1.8268	22.907	0.0054986	vapor
298.00	0.21250	0.0085860	116.47	12.966	15.441	101.85	12.484	20.834	177.27	1.8268	22.907	0.0054987	vapor
298.00	0.21500	0.0086871	115.11	12.966	15.441	101.75	12.484	20.835	177.27	1.8267	22.907	0.0054988	vapor
298.00	0.21750	0.0087882	113.79	12.966	15.440	101.66	12.484	20.836	177.27	1.8267	22.907	0.0054990	vapor
298.00	0.22000	0.0088893	112.49	12.965	15.440	101.56	12.485	20.836	177.27	1.8267	22.908	0.0054991	vapor
298.00	0.22250	0.0089905	111.23	12.965	15.440	101.47	12.485	20.837	177.27	1.8267	22.908	0.0054992	vapor
298.00	0.22500	0.0090916	109.99	12.965	15.440	101.37	12.485	20.837	177.27	1.8267	22.908	0.0054993	vapor
298.00	0.22750	0.0091928	108.78	12.965	15.440	101.28	12.485	20.838	177.26	1.8267	22.908	0.0054995	vapor
298.00	0.23000	0.0092939	107.60	12.965	15.440	101.19	12.485	20.838	177.26	1.8267	22.909	0.0054996	vapor
298.00	0.23250	0.0093950	106.44	12.965	15.440	101.10	12.485	20.839	177.26	1.8267	22.909	0.0054997	vapor
298.00	0.23500	0.0094962	105.31	12.965	15.440	101.01	12.485	20.840	177.26	1.8267	22.909	0.0054998	vapor
298.00	0.23750	0.0095973	104.20	12.965	15.440	100.92	12.486	20.840	177.26	1.8267	22.909	0.0055000	vapor
298.00	0.24000	0.0096985	103.11	12.965	15.440	100.84	12.486	20.841	177.26	1.8267	22.910	0.0055001	vapor
298.00	0.24250	0.0097996	102.04	12.965	15.439	100.75	12.486	20.841	177.26	1.8267	22.910	0.0055002	vapor
298.00	0.24500	0.0099008	101.00	12.965	15.439	100.66	12.486	20.842	177.26	1.8266	22.910	0.0055003	vapor
298.00	0.24750	0.010002	99.980	12.965	15.439	100.58	12.486	20.842	177.26	1.8266	22.910	0.0055004	vapor
298.00	0.25000	0.010103	98.979	12.965	15.439	100.50	12.486	20.843	177.26	1.8266	22.910	0.0055006	vapor
298.00	0.25250	0.010204	97.998	12.965	15.439	100.41	12.486	20.844	177.26	1.8266	22.911	0.0055007	vapor
298.00	0.25500	0.010305	97.036	12.965	15.439	100.33	12.487	20.844	177.25	1.8266	22.911	0.0055008	vapor
298.00	0.25750	0.010407	96.093	12.965	15.439	100.25	12.487	20.845	177.25	1.8266	22.911	0.0055009	vapor
298.00	0.26000	0.010508	95.168	12.964	15.439	100.17	12.487	20.845	177.25	1.8266	22.911	0.0055010	vapor
298.00	0.26250	0.010609	94.260	12.964	15.439	100.09	12.487	20.846	177.25	1.8266	22.912	0.0055012	vapor
298.00	0.26500	0.010710	93.369	12.964	15.439	100.01	12.487	20.846	177.25	1.8266	22.912	0.0055013	vapor
298.00	0.26750	0.010811	92.496	12.964	15.439	99.932	12.487	20.847	177.25	1.8266	22.912	0.0055014	vapor
298.00	0.27000	0.010913	91.638	12.964	15.438	99.854	12.487	20.848	177.25	1.8266	22.912	0.0055015	vapor
298.00	0.27250	0.011014	90.796	12.964	15.438	99.777	12.488	20.848	177.25	1.8266	22.913	0.0055016	vapor
298.00	0.27500	0.011115	89.969	12.964	15.438	99.701	12.488	20.849	177.25	1.8265	22.913	0.0055018	vapor
298.00	0.27750	0.011216	89.158	12.964	15.438	99.626	12.488	20.849	177.25	1.8265	22.913	0.0055019	vapor
298.00	0.28000	0.011317	88.361	12.964	15.438	99.551	12.488	20.850	177.25	1.8265	22.913	0.0055020	vapor
298.00	0.28250	0.011418	87.577	12.964	15.438	99.477	12.488	20.850	177.24	1.8265	22.913	0.0055021	vapor
298.00	0.28500	0.011520	86.808	12.964	15.438	99.403	12.488	20.851	177.24	1.8265	22.914	0.0055022	vapor
298.00	0.28750	0.011621	86.052	12.964	15.438	99.330	12.488	20.852	177.24	1.8265	22.914	0.0055024	vapor
298.00	0.29000	0.011722	85.309	12.964	15.438	99.258	12.489	20.852	177.24	1.8265	22.914	0.0055025	vapor
298.00	0.29250	0.011823	84.579	12.964	15.438	99.187	12.489	20.853	177.24	1.8265	22.914	0.0055026	vapor
298.00	0.29500	0.011924	83.861	12.964	15.437	99.116	12.489	20.853	177.24	1.8265	22.915	0.0055027	vapor
298.00	0.29750	0.012026	83.155	12.964	15.437	99.045	12.489	20.854	177.24	1.8265	22.915	0.0055028	vapor
298.00	0.30000	0.012127	82.461	12.963	15.437	98.975	12.489	20.854	177.24	1.8265	22.915	0.0055029	vapor
298.00	0.30250	0.012228	81.779	12.963	15.437	98.906	12.489	20.855	177.24	1.8265	22.915	0.0055031	vapor
298.00	0.30500	0.012329	81.107	12.963	15.437	98.838	12.489	20.856	177.24	1.8264	22.915	0.0055032	vapor
298.00	0.30750	0.012431	80.447	12.963	15.437	98.770	12.490	20.856	177.24	1.8264	22.916	0.0055033	vapor
298.00	0.31000	0.012532	79.797	12.963	15.437	98.702	12.490	20.857	177.23	1.8264	22.916	0.0055034	vapor
298.00	0.31250	0.012633	79.158	12.963	15.437	98.635	12.490	20.857	177.23	1.8264	22.916	0.0055035	vapor
298.00	0.31500	0.012734	78.528	12.963	15.437	98.569	12.490	20.858	177.23	1.8264	22.916	0.0055036	vapor
298.00	0.31750	0.012835	77.909	12.963	15.437	98.503	12.490	20.858	177.23	1.8264	22.917	0.0055038	vapor
298.00	0.32000	0.012937	77.299	12.963	15.437	98.437	12.490	20.859	177.23	1.8264	22.917	0.0055039	vapor
298.00	0.32250	0.013038	76.699	12.963	15.436	98.372	12.491	20.860	177.23	1.8264	22.917	0.0055040	vapor
298.00	0.32500	0.013139	76.108	12.963	15.436	98.308	12.491	20.860	177.23	1.8264	22.917	0.0055041	vapor
298.00	0.32750	0.013240	75.526	12.963	15.436	98.244	12.491	20.861	177.23	1.8264	22.917	0.0055042	vapor
298.00	0.33000	0.013342	74.953	12.963	15.436	98.180	12.491	20.861	177.23	1.8264	22.918	0.0055043	vapor
298.00	0.33250	0.013443	74.389	12.963	15.436	98.118	12.491	20.862	177.23	1.8264	22.918	0.0055045	vapor
298.00	0.33500	0.013544	73.832	12.963	15.436	98.055	12.491	20.862	177.22	1.8264	22.918	0.0055046	vapor
298.00	0.33750	0.013645	73.285	12.963	15.436	97.993	12.491	20.863	177.22	1.8263	22.918	0.0055047	vapor
298.00	0.34000	0.013747	72.745	12.962	15.436	97.931	12.492	20.864	177.22	1.8263	22.919	0.0055048	vapor
298.00	0.34250	0.013848	72.213	12.962	15.436	97.870	12.492	20.864	177.22	1.8263	22.919	0.0055049	vapor
298.00	0.34500	0.013949	71.689	12.962	15.436	97.810	12.492	20.865	177.22	1.8263	22.919	0.0055050	vapor
298.00	0.34750	0.014050	71.172	12.962	15.435	97.749	12.492	20.865	177.22	1.8263	22.919	0.0055051	vapor
298.00	0.35000	0.014152	70.663	12.962	15.435	97.690	12.492	20.866	177.22	1.8263	22.919	0.0055053	vapor
298.00	0.35250	0.014253	70.161	12.962	15.435	97.630	12.492	20.866	177.22	1.8263	22.920	0.0055054	vapor
298.00	0.35500	0.014354	69.666	12.962	15.435	97.571	12.492	20.867	177.22	1.8263	22.920	0.0055055	vapor
298.00	0.35750	0.014456	69.177	12.962	15.435	97.513	12.493	20.868	177.22	1.8263	22.920	0.0055056	vapor
298.00	0.36000	0.014557	68.696	12.962	15.435	97.455	12.493	20.868	177.22	1.8263	22.920	0.0055057	vapor
298.00	0.36250	0.014658	68.222	12.962	15.435	97.397	12.493	20.869	177.21	1.8263	22.921	0.0055058	vapor
298.00	0.36500	0.014759	67.753	12.962	15.435	97.339	12.493	20.869	177.21	1.8263	22.921	0.0055059	vapor
298.00	0.36750	0.014861	67.292	12.962	15.435	97.282	12.493	20.870	177.21	1.8262	22.921	0.0055061	vapor
298.00	0.37000	0.014962	66.836	12.962	15.435	97.226	12.493	20.870	177.21	1.8262	22.921	0.0055062	vapor
298.00	0.37250	0.015063	66.387	12.962	15.435	97.170	12.493	20.871	177.21	1.8262	22.921	0.0055063	vapor
298.00	0.37500	0.015165	65.943	12.962	15.434	97.114	12.494	20.872	177.21	1.8262	22.922	0.0055064	vapor
298.00	0.37750	0.015266	65.506	12.962	15.434	97.058	12.494	20.872	177.21	1.8262	22.922	0.0055065	vapor
298.00	0.38000	0.015367	65.074	12.961	15.434	97.003	12.494	20.873	177.21	1.8262	22.922	0.0055066	vapor
298.00	0.38250	0.015468	64.648	12.961	15.434	96.949	12.494	20.873	177.21	1.8262	22.922	0.0055067	vapor
298.00	0.38500	0.015570	64.227	12.961	15.434	96.894	12.494	20.874	177.21	1.8262	22.923	0.0055068	vapor
298.00	0.38750	0.015671	63.812	12.961	15.434	96.840	12.494	20.874	177.21	1.8262	22.923	0.0055070	vapor
298.00	0.39000	0.015772	63.402	12.961	15.434	96.786	12.494	20.875	177.20	1.8262	22.923	0.0055071	vapor
298.00	0.39250	0.015874	62.997	12.961	15.434	96.733	12.495	20.876	177.20	1.8262	22.923	0.0055072	vapor
298.00	0.39500	0.015975	62.598	12.961	15.434	96.680	12.495	20.876	177.20	1.8262	22.923	0.0055073	vapor
298.00	0.39750	0.016076	62.203	12.961	15.434	96.627	12.495	20.877	177.20	1.8261	22.924	0.0055074	vapor
298.00	0.40000	0.016178	61.814	12.961	15.433	96.575	12.495	20.877	177.20	1.8261	22.924	0.0055075	vapor
298.00	0.40250	0.016279	61.429	12.961	15.433	96.523	12.495	20.878	177.20	1.8261	22.924	0.0055076	vapor
298.00	0.40500	0.016380	61.049	12.961	15.433	96.471	12.495	20.878	177.20	1.8261	22.924	0.0055077	vapor
298.00	0.40750	0.016482	60.674	12.961	15.433	96.420	12.495	20.879	177.20	1.8261	22.925	0.0055078	vapor
298.00	0.41000	0.016583	60.303	12.961	15.433	96.369	12.496	20.880	177.20	1.8261	22.925	0.0055080	vapor
298.00	0.41250	0.016684	59.937	12.961	15.433	96.318	12.496	20.880	177.20	1.8261	22.925	0.0055081	vapor
298.00	0.41500	0.016786	59.575	12.961	15.433	96.268	12.496	20.881	177.20	1.8261	22.925	0.0055082	vapor
298.00	0.41750	0.016887	59.217	12.960	15.433	96.218	12.496	20.881	177.19	1.8261	22.925	0.0055083	vapor
298.00	0.42000	0.016988	58.864	12.960	15.433	96.168	12.496	20.882	177.19	1.8261	22.926	0.0055084	vapor
298.00	0.42250	0.017090	58.515	12.960	15.433	96.118	12.496	20.882	177.19	1.8261	22.926	0.0055085	vapor
298.00	0.42500	0.017191	58.170	12.960	15.433	96.069	12.496	20.883	177.19	1.8261	22.926	0.0055086	vapor
298.00	0.42750	0.017292	57.829	12.960	15.432	96.020	12.497	20.884	177.19	1.8260	22.926	0.0055087	vapor
298.00	0.43000	0.017394	57.492	12.960	15.432	95.971	12.497	20.884	177.19	1.8260	22.926	0.0055088	vapor
298.00	0.43250	0.017495	57.159	12.960	15.432	95.923	12.497	20.885	177.19	1.8260	22.927	0.0055089	vapor
298.00	0.43500	0.017596	56.830	12.960	15.432	95.875	12.497	20.885	177.19	1.8260	22.927	0.0055091	vapor
298.00	0.43750	0.017698	56.504	12.960	15.432	95.827	12.497	20.886	177.19	1.8260	22.927	0.0055092	vapor
298.00	0.44000	0.017799	56.182	12.960	15.432	95.779	12.497	20.886	177.19	1.8260	22.927	0.0055093	vapor
298.00	0.44250	0.017901	55.864	12.960	15.432	95.732	12.498	20.887	177.18	1.8260	22.928	0.0055094	vapor
298.00	0.44500	0.018002	55.550	12.960	15.432	95.685	12.498	20.888	177.18	1.8260	22.928	0.0055095	vapor
298.00	0.44750	0.018103	55.239	12.960	15.432	95.638	12.498	20.888	177.18	1.8260	22.928	0.0055096	vapor
298.00	0.45000	0.018205	54.931	12.960	15.432	95.592	12.498	20.889	177.18	1.8260	22.928	0.0055097	vapor
298.00	0.45250	0.018306	54.627	12.960	15.431	95.545	12.498	20.889	177.18	1.8260	22.928	0.0055098	vapor
298.00	0.45500	0.018407	54.326	12.960	15.431	95.499	12.498	20.890	177.18	1.8260	22.929	0.0055099	vapor
298.00	0.45750	0.018509	54.028	12.959	15.431	95.454	12.498	20.890	177.18	1.8259	22.929	0.0055100	vapor
298.00	0.46000	0.018610	53.734	12.959	15.431	95.408	12.499	20.891	177.18	1.8259	22.929	0.0055102	vapor
298.00	0.46250	0.018712	53.443	12.959	15.431	95.363	12.499	20.892	177.18	1.8259	22.929	0.0055103	vapor
298.00	0.46500	0.018813	53.155	12.959	15.431	95.318	12.499	20.892	177.18	1.8259	22.929	0.0055104	vapor
298.00	0.46750	0.018914	52.870	12.959	15.431	95.273	12.499	20.893	177.18	1.8259	22.930	0.0055105	vapor
298.00	0.47000	0.019016	52.588	12.959	15.431	95.228	12.499	20.893	177.17	1.8259	22.930	0.0055106	vapor
298.00	0.47250	0.019117	52.309	12.959	15.431	95.184	12.499	20.894	177.17	1.8259	22.930	0.0055107	vapor
298.00	0.47500	0.019219	52.033	12.959	15.431	95.140	12.499	20.894	177.17	1.8259	22.930	0.0055108	vapor
298.00	0.47750	0.019320	51.760	12.959	15.431	95.096	12.500	20.895	177.17	1.8259	22.931	0.0055109	vapor
298.00	0.48000	0.019421	51.490	12.959	15.430	95.052	12.500	20.896	177.17	1.8259	22.931	0.0055110	vapor
298.00	0.48250	0.019523	51.222	12.959	15.430	95.009	12.500	20.896	177.17	1.8259	22.931	0.0055111	vapor
298.00	0.48500	0.019624	50.958	12.959	15.430	94.966	12.500	20.897	177.17	1.8259	22.931	0.0055112	vapor
298.00	0.48750	0.019726	50.696	12.959	15.430	94.923	12.500	20.897	177.17	1.8258	22.931	0.0055113	vapor
298.00	0.49000	0.019827	50.436	12.959	15.430	94.880	12.500	20.898	177.17	1.8258	22.932	0.0055115	vapor
298.00	0.49250	0.019928	50.180	12.959	15.430	94.838	12.500	20.898	177.17	1.8258	22.932	0.0055116	vapor
298.00	0.49500	0.020030	49.926	12.959	15.430	94.795	12.501	20.899	177.17	1.8258	22.932	0.0055117	vapor
298.00	0.49750	0.020131	49.674	12.958	15.430	94.753	12.501	20.900	177.16	1.8258	22.932	0.0055118	vapor
298.00	0.50000	0.020233	49.425	12.958	15.430	94.711	12.501	20.900	177.16	1.8258	22.932	0.0055119	vapor
298.00	0.50250	0.020334	49.178	12.958	15.430	94.670	12.501	20.901	177.16	1.8258	22.933	0.0055120	vapor
298.00	0.50500	0.020436	48.934	12.958	15.429	94.628	12.501	20.901	177.16	1.8258	22.933	0.0055121	vapor
298.00	0.50750	0.020537	48.693	12.958	15.429	94.587	12.501	20.902	177.16	1.8258	22.933	0.0055122	vapor
298.00	0.51000	0.020638	48.453	12.958	15.429	94.546	12.501	20.903	177.16	1.8258	22.933	0.0055123	vapor
298.00	0.51250	0.020740	48.216	12.958	15.429	94.505	12.502	20.903	177.16	1.8258	22.934	0.0055124	vapor
298.00	0.51500	0.020841	47.982	12.958	15.429	94.464	12.502	20.904	177.16	1.8258	22.934	0.0055125	vapor
298.00	0.51750	0.020943	47.749	12.958	15.429	94.424	12.502	20.904	177.16	1.8258	22.934	0.0055126	vapor
298.00	0.52000	0.021044	47.519	12.958	15.429	94.384	12.502	20.905	177.16	1.8257	22.934	0.0055127	vapor
298.00	0.52250	0.021146	47.291	12.958	15.429	94.343	12.502	20.905	177.16	1.8257	22.934	0.0055129	vapor
298.00	0.52500	0.021247	47.065	12.958	15.429	94.304	12.502	20.906	177.15	1.8257	22.935	0.0055130	vapor
298.00	0.52750	0.021349	46.842	12.958	15.429	94.264	12.502	20.907	177.15	1.8257	22.935	0.0055131	vapor
298.00	0.53000	0.021450	46.620	12.958	15.429	94.224	12.503	20.907	177.15	1.8257	22.935	0.0055132	vapor
298.00	0.53250	0.021551	46.401	12.958	15.428	94.185	12.503	20.908	177.15	1.8257	22.935	0.0055133	vapor
298.00	0.53500	0.021653	46.183	12.958	15.428	94.146	12.503	20.908	177.15	1.8257	22.935	0.0055134	vapor
298.00	0.53750	0.021754	45.968	12.957	15.428	94.107	12.503	20.909	177.15	1.8257	22.936	0.0055135	vapor
298.00	0.54000	0.021856	45.754	12.957	15.428	94.068	12.503	20.909	177.15	1.8257	22.936	0.0055136	vapor
298.00	0.54250	0.021957	45.543	12.957	15.428	94.029	12.503	20.910	177.15	1.8257	22.936	0.0055137	vapor
298.00	0.54500	0.022059	45.333	12.957	15.428	93.991	12.504	20.911	177.15	1.8257	22.936	0.0055138	vapor
298.00	0.54750	0.022160	45.126	12.957	15.428	93.953	12.504	20.911	177.15	1.8257	22.936	0.0055139	vapor
298.00	0.55000	0.022262	44.920	12.957	15.428	93.915	12.504	20.912	177.14	1.8256	22.937	0.0055140	vapor
298.00	0.55250	0.022363	44.716	12.957	15.428	93.877	12.504	20.912	177.14	1.8256	22.937	0.0055141	vapor
298.00	0.55500	0.022465	44.514	12.957	15.428	93.839	12.504	20.913	177.14	1.8256	22.937	0.0055142	vapor
298.00	0.55750	0.022566	44.314	12.957	15.427	93.801	12.504	20.913	177.14	1.8256	22.937	0.0055143	vapor
298.00	0.56000	0.022668	44.116	12.957	15.427	93.764	12.504	20.914	177.14	1.8256	22.938	0.0055144	vapor
298.00	0.56250	0.022769	43.919	12.957	15.427	93.727	12.505	20.915	177.14	1.8256	22.938	0.0055146	vapor
298.00	0.56500	0.022871	43.724	12.957	15.427	93.690	12.505	20.915	177.14	1.8256	22.938	0.0055147	vapor
298.00	0.56750	0.022972	43.531	12.957	15.427	93.653	12.505	20.916	177.14	1.8256	22.938	0.0055148	vapor
298.00	0.57000	0.023074	43.339	12.957	15.427	93.616	12.505	20.916	177.14	1.8256	22.938	0.0055149	vapor
298.00	0.57250	0.023175	43.150	12.957	15.427	93.579	12.505	20.917	177.14	1.8256	22.939	0.0055150	vapor
298.00	0.57500	0.023277	42.961	12.957	15.427	93.543	12.505	20.917	177.14	1.8256	22.939	0.0055151	vapor
298.00	0.57750	0.023378	42.775	12.956	15.427	93.507	12.505	20.918	177.13	1.8256	22.939	0.0055152	vapor
298.00	0.58000	0.023480	42.590	12.956	15.427	93.471	12.506	20.919	177.13	1.8255	22.939	0.0055153	vapor
298.00	0.58250	0.023581	42.407	12.956	15.427	93.435	12.506	20.919	177.13	1.8255	22.939	0.0055154	vapor
298.00	0.58500	0.023683	42.225	12.956	15.426	93.399	12.506	20.920	177.13	1.8255	22.940	0.0055155	vapor
298.00	0.58750	0.023784	42.045	12.956	15.426	93.363	12.506	20.920	177.13	1.8255	22.940	0.0055156	vapor
298.00	0.59000	0.023886	41.866	12.956	15.426	93.328	12.506	20.921	177.13	1.8255	22.940	0.0055157	vapor
298.00	0.59250	0.023987	41.689	12.956	15.426	93.292	12.506	20.921	177.13	1.8255	22.940	0.0055158	vapor
298.00	0.59500	0.024089	41.513	12.956	15.426	93.257	12.506	20.922	177.13	1.8255	22.940	0.0055159	vapor
298.00	0.59750	0.024190	41.339	12.956	15.426	93.222	12.507	20.923	177.13	1.8255	22.941	0.0055160	vapor
298.00	0.60000	0.024292	41.166	12.956	15.426	93.187	12.507	20.923	177.13	1.8255	22.941	0.0055161	vapor
298.00	0.60250	0.024393	40.995	12.956	15.426	93.152	12.507	20.924	177.13	1.8255	22.941	0.0055162	vapor
298.00	0.60500	0.024495	40.825	12.956	15.426	93.118	12.507	20.924	177.12	1.8255	22.941	0.0055163	vapor
298.00	0.60750	0.024597	40.656	12.956	15.426	93.083	12.507	20.925	177.12	1.8255	22.941	0.0055164	vapor
298.00	0.61000	0.024698	40.489	12.956	15.425	93.049	12.507	20.926	177.12	1.8254	22.942	0.0055166	vapor
298.00	0.61250	0.024800	40.323	12.956	15.425	93.014	12.507	20.926	177.12	1.8254	22.942	0.0055167	vapor
298.00	0.61500	0.024901	40.159	12.956	15.425	92.980	12.508	20.927	177.12	1.8254	22.942	0.0055168	vapor
298.00	0.61750	0.025003	39.996	12.955	15.425	92.946	12.508	20.927	177.12	1.8254	22.942	0.0055169	vapor
298.00	0.62000	0.025104	39.834	12.955	15.425	92.913	12.508	20.928	177.12	1.8254	22.942	0.0055170	vapor
298.00	0.62250	0.025206	39.673	12.955	15.425	92.879	12.508	20.928	177.12	1.8254	22.943	0.0055171	vapor
298.00	0.62500	0.025307	39.514	12.955	15.425	92.845	12.508	20.929	177.12	1.8254	22.943	0.0055172	vapor
298.00	0.62750	0.025409	39.356	12.955	15.425	92.812	12.508	20.930	177.12	1.8254	22.943	0.0055173	vapor
298.00	0.63000	0.025511	39.199	12.955	15.425	92.779	12.508	20.930	177.12	1.8254	22.943	0.0055174	vapor
298.00	0.63250	0.025612	39.044	12.955	15.425	92.746	12.509	20.931	177.11	1.8254	22.944	0.0055175	vapor
298.00	0.63500	0.025714	38.890	12.955	15.425	92.713	12.509	20.931	177.11	1.8254	22.944	0.0055176	vapor
298.00	0.63750	0.025815	38.737	12.955	15.424	92.680	12.509	20.932	177.11	1.8254	22.944	0.0055177	vapor
298.00	0.64000	0.025917	38.585	12.955	15.424	92.647	12.509	20.932	177.11	1.8253	22.944	0.0055178	vapor
298.00	0.64250	0.026018	38.434	12.955	15.424	92.614	12.509	20.933	177.11	1.8253	22.944	0.0055179	vapor
298.00	0.64500	0.026120	38.285	12.955	15.424	92.582	12.509	20.934	177.11	1.8253	22.945	0.0055180	vapor
298.00	0.64750	0.026222	38.137	12.955	15.424	92.549	12.510	20.934	177.11	1.8253	22.945	0.0055181	vapor
298.00	0.65000	0.026323	37.989	12.955	15.424	92.517	12.510	20.935	177.11	1.8253	22.945	0.0055182	vapor
298.00	0.65250	0.026425	37.843	12.955	15.424	92.485	12.510	20.935	177.11	1.8253	22.945	0.0055183	vapor
298.00	0.65500	0.026526	37.698	12.955	15.424	92.453	12.510	20.936	177.11	1.8253	22.945	0.0055184	vapor
298.00	0.65750	0.026628	37.555	12.954	15.424	92.421	12.510	20.936	177.10	1.8253	22.946	0.0055185	vapor
298.00	0.66000	0.026730	37.412	12.954	15.424	92.389	12.510	20.937	177.10	1.8253	22.946	0.0055186	vapor
298.00	0.66250	0.026831	37.270	12.954	15.423	92.358	12.510	20.938	177.10	1.8253	22.946	0.0055187	vapor
298.00	0.66500	0.026933	37.130	12.954	15.423	92.326	12.511	20.938	177.10	1.8253	22.946	0.0055188	vapor
298.00	0.66750	0.027034	36.990	12.954	15.423	92.295	12.511	20.939	177.10	1.8253	22.946	0.0055189	vapor
298.00	0.67000	0.027136	36.851	12.954	15.423	92.264	12.511	20.939	177.10	1.8252	22.947	0.0055190	vapor
298.00	0.67250	0.027238	36.714	12.954	15.423	92.232	12.511	20.940	177.10	1.8252	22.947	0.0055191	vapor
298.00	0.67500	0.027339	36.578	12.954	15.423	92.201	12.511	20.940	177.10	1.8252	22.947	0.0055193	vapor
298.00	0.67750	0.027441	36.442	12.954	15.423	92.170	12.511	20.941	177.10	1.8252	22.947	0.0055194	vapor
298.00	0.68000	0.027542	36.308	12.954	15.423	92.139	12.511	20.942	177.10	1.8252	22.947	0.0055195	vapor
298.00	0.68250	0.027644	36.174	12.954	15.423	92.109	12.512	20.942	177.10	1.8252	22.948	0.0055196	vapor
298.00	0.68500	0.027746	36.042	12.954	15.423	92.078	12.512	20.943	177.09	1.8252	22.948	0.0055197	vapor
298.00	0.68750	0.027847	35.910	12.954	15.423	92.048	12.512	20.943	177.09	1.8252	22.948	0.0055198	vapor
298.00	0.69000	0.027949	35.780	12.954	15.422	92.017	12.512	20.944	177.09	1.8252	22.948	0.0055199	vapor
298.00	0.69250	0.028051	35.650	12.954	15.422	91.987	12.512	20.945	177.09	1.8252	22.948	0.0055200	vapor
298.00	0.69500	0.028152	35.521	12.953	15.422	91.957	12.512	20.945	177.09	1.8252	22.949	0.0055201	vapor
298.00	0.69750	0.028254	35.393	12.953	15.422	91.927	12.512	20.946	177.09	1.8252	22.949	0.0055202	vapor
298.00	0.70000	0.028355	35.267	12.953	15.422	91.897	12.513	20.946	177.09	1.8251	22.949	0.0055203	vapor
298.00	0.70250	0.028457	35.141	12.953	15.422	91.867	12.513	20.947	177.09	1.8251	22.949	0.0055204	vapor
298.00	0.70500	0.028559	35.016	12.953	15.422	91.837	12.513	20.947	177.09	1.8251	22.949	0.0055205	vapor
298.00	0.70750	0.028660	34.891	12.953	15.422	91.808	12.513	20.948	177.09	1.8251	22.950	0.0055206	vapor
298.00	0.71000	0.028762	34.768	12.953	15.422	91.778	12.513	20.949	177.09	1.8251	22.950	0.0055207	vapor
298.00	0.71250	0.028864	34.646	12.953	15.422	91.749	12.513	20.949	177.08	1.8251	22.950	0.0055208	vapor
298.00	0.71500	0.028965	34.524	12.953	15.421	91.719	12.513	20.950	177.08	1.8251	22.950	0.0055209	vapor
298.00	0.71750	0.029067	34.403	12.953	15.421	91.690	12.514	20.950	177.08	1.8251	22.950	0.0055210	vapor
298.00	0.72000	0.029169	34.283	12.953	15.421	91.661	12.514	20.951	177.08	1.8251	22.951	0.0055211	vapor
298.00	0.72250	0.029270	34.164	12.953	15.421	91.632	12.514	20.951	177.08	1.8251	22.951	0.0055212	vapor
298.00	0.72500	0.029372	34.046	12.953	15.421	91.603	12.514	20.952	177.08	1.8251	22.951	0.0055213	vapor
298.00	0.72750	0.029474	33.929	12.953	15.421	91.574	12.514	20.953	177.08	1.8251	22.951	0.0055214	vapor
298.00	0.73000	0.029575	33.812	12.953	15.421	91.545	12.514	20.953	177.08	1.8250	22.952	0.0055215	vapor
298.00	0.73250	0.029677	33.696	12.953	15.421	91.517	12.515	20.954	177.08	1.8250	22.952	0.0055216	vapor
298.00	0.73500	0.029779	33.581	12.952	15.421	91.488	12.515	20.954	177.08	1.8250	22.952	0.0055217	vapor
298.00	0.73750	0.029880	33.467	12.952	15.421	91.460	12.515	20.955	177.08	1.8250	22.952	0.0055218	vapor
298.00	0.74000	0.029982	33.353	12.952	15.420	91.431	12.515	20.955	177.07	1.8250	22.952	0.0055219	vapor
298.00	0.74250	0.030084	33.240	12.952	15.420	91.403	12.515	20.956	177.07	1.8250	22.953	0.0055220	vapor
298.00	0.74500	0.030185	33.129	12.952	15.420	91.375	12.515	20.957	177.07	1.8250	22.953	0.0055221	vapor
298.00	0.74750	0.030287	33.017	12.952	15.420	91.347	12.515	20.957	177.07	1.8250	22.953	0.0055222	vapor
298.00	0.75000	0.030389	32.907	12.952	15.420	91.319	12.516	20.958	177.07	1.8250	22.953	0.0055223	vapor
298.00	0.75250	0.030491	32.797	12.952	15.420	91.291	12.516	20.958	177.07	1.8250	22.953	0.0055224	vapor
298.00	0.75500	0.030592	32.688	12.952	15.420	91.263	12.516	20.959	177.07	1.8250	22.954	0.0055225	vapor
298.00	0.75750	0.030694	32.580	12.952	15.420	91.236	12.516	20.960	177.07	1.8250	22.954	0.0055226	vapor
298.00	0.76000	0.030796	32.472	12.952	15.420	91.208	12.516	20.960	177.07	1.8249	22.954	0.0055227	vapor
298.00	0.76250	0.030897	32.365	12.952	15.420	91.180	12.516	20.961	177.07	1.8249	22.954	0.0055228	vapor
298.00	0.76500	0.030999	32.259	12.952	15.420	91.153	12.516	20.961	177.06	1.8249	22.954	0.0055229	vapor
298.00	0.76750	0.031101	32.154	12.952	15.419	91.126	12.517	20.962	177.06	1.8249	22.955	0.0055230	vapor
298.00	0.77000	0.031203	32.049	12.952	15.419	91.098	12.517	20.962	177.06	1.8249	22.955	0.0055231	vapor
298.00	0.77250	0.031304	31.945	12.952	15.419	91.071	12.517	20.963	177.06	1.8249	22.955	0.0055232	vapor
298.00	0.77500	0.031406	31.841	12.951	15.419	91.044	12.517	20.964	177.06	1.8249	22.955	0.0055233	vapor
298.00	0.77750	0.031508	31.738	12.951	15.419	91.017	12.517	20.964	177.06	1.8249	22.955	0.0055234	vapor
298.00	0.78000	0.031609	31.636	12.951	15.419	90.990	12.517	20.965	177.06	1.8249	22.956	0.0055235	vapor
298.00	0.78250	0.031711	31.535	12.951	15.419	90.963	12.517	20.965	177.06	1.8249	22.956	0.0055236	vapor
298.00	0.78500	0.031813	31.434	12.951	15.419	90.937	12.518	20.966	177.06	1.8249	22.956	0.0055238	vapor
298.00	0.78750	0.031915	31.334	12.951	15.419	90.910	12.518	20.966	177.06	1.8249	22.956	0.0055239	vapor
298.00	0.79000	0.032016	31.234	12.951	15.419	90.883	12.518	20.967	177.06	1.8249	22.956	0.0055240	vapor
298.00	0.79250	0.032118	31.135	12.951	15.418	90.857	12.518	20.968	177.05	1.8248	22.957	0.0055241	vapor
298.00	0.79500	0.032220	31.037	12.951	15.418	90.831	12.518	20.968	177.05	1.8248	22.957	0.0055242	vapor
298.00	0.79750	0.032322	30.939	12.951	15.418	90.804	12.518	20.969	177.05	1.8248	22.957	0.0055243	vapor
298.00	0.80000	0.032423	30.842	12.951	15.418	90.778	12.518	20.969	177.05	1.8248	22.957	0.0055244	vapor
298.00	0.80250	0.032525	30.746	12.951	15.418	90.752	12.519	20.970	177.05	1.8248	22.957	0.0055245	vapor
298.00	0.80500	0.032627	30.650	12.951	15.418	90.726	12.519	20.971	177.05	1.8248	22.958	0.0055246	vapor
298.00	0.80750	0.032729	30.554	12.951	15.418	90.700	12.519	20.971	177.05	1.8248	22.958	0.0055247	vapor
298.00	0.81000	0.032830	30.460	12.951	15.418	90.674	12.519	20.972	177.05	1.8248	22.958	0.0055248	vapor
298.00	0.81250	0.032932	30.366	12.951	15.418	90.648	12.519	20.972	177.05	1.8248	22.958	0.0055249	vapor
298.00	0.81500	0.033034	30.272	12.950	15.418	90.622	12.519	20.973	177.05	1.8248	22.958	0.0055250	vapor
298.00	0.81750	0.033136	30.179	12.950	15.418	90.597	12.519	20.973	177.05	1.8248	22.959	0.0055251	vapor
298.00	0.82000	0.033237	30.087	12.950	15.417	90.571	12.520	20.974	177.04	1.8248	22.959	0.0055252	vapor
298.00	0.82250	0.033339	29.995	12.950	15.417	90.546	12.520	20.975	177.04	1.8247	22.959	0.0055253	vapor
298.00	0.82500	0.033441	29.903	12.950	15.417	90.520	12.520	20.975	177.04	1.8247	22.959	0.0055254	vapor
298.00	0.82750	0.033543	29.813	12.950	15.417	90.495	12.520	20.976	177.04	1.8247	22.959	0.0055255	vapor
298.00	0.83000	0.033644	29.723	12.950	15.417	90.469	12.520	20.976	177.04	1.8247	22.960	0.0055256	vapor
298.00	0.83250	0.033746	29.633	12.950	15.417	90.444	12.520	20.977	177.04	1.8247	22.960	0.0055257	vapor
298.00	0.83500	0.033848	29.544	12.950	15.417	90.419	12.521	20.977	177.04	1.8247	22.960	0.0055258	vapor
298.00	0.83750	0.033950	29.455	12.950	15.417	90.394	12.521	20.978	177.04	1.8247	22.960	0.0055259	vapor
298.00	0.84000	0.034052	29.367	12.950	15.417	90.369	12.521	20.979	177.04	1.8247	22.960	0.0055260	vapor
298.00	0.84250	0.034153	29.280	12.950	15.417	90.344	12.521	20.979	177.04	1.8247	22.961	0.0055261	vapor
298.00	0.84500	0.034255	29.193	12.950	15.416	90.319	12.521	20.980	177.04	1.8247	22.961	0.0055262	vapor
298.00	0.84750	0.034357	29.106	12.950	15.416	90.294	12.521	20.980	177.03	1.8247	22.961	0.0055263	vapor
298.00	0.85000	0.034459	29.020	12.950	15.416	90.270	12.521	20.981	177.03	1.8247	22.961	0.0055264	vapor
298.00	0.85250	0.034561	28.935	12.950	15.416	90.245	12.522	20.982	177.03	1.8246	22.961	0.0055265	vapor
298.00	0.85500	0.034662	28.850	12.949	15.416	90.221	12.522	20.982	177.03	1.8246	22.962	0.0055266	vapor
298.00	0.85750	0.034764	28.765	12.949	15.416	90.196	12.522	20.983	177.03	1.8246	22.962	0.0055267	vapor
298.00	0.86000	0.034866	28.681	12.949	15.416	90.172	12.522	20.983	177.03	1.8246	22.962	0.0055268	vapor
298.00	0.86250	0.034968	28.598	12.949	15.416	90.147	12.522	20.984	177.03	1.8246	22.962	0.0055269	vapor
298.00	0.86500	0.035070	28.515	12.949	15.416	90.123	12.522	20.984	177.03	1.8246	22.962	0.0055270	vapor
298.00	0.86750	0.035172	28.432	12.949	15.416	90.099	12.522	20.985	177.03	1.8246	22.963	0.0055271	vapor
298.00	0.87000	0.035273	28.350	12.949	15.416	90.075	12.523	20.986	177.03	1.8246	22.963	0.0055272	vapor
298.00	0.87250	0.035375	28.268	12.949	15.415	90.051	12.523	20.986	177.02	1.8246	22.963	0.0055273	vapor
298.00	0.87500	0.035477	28.187	12.949	15.415	90.027	12.523	20.987	177.02	1.8246	22.963	0.0055274	vapor
298.00	0.87750	0.035579	28.107	12.949	15.415	90.003	12.523	20.987	177.02	1.8246	22.963	0.0055275	vapor
298.00	0.88000	0.035681	28.026	12.949	15.415	89.979	12.523	20.988	177.02	1.8246	22.964	0.0055276	vapor
298.00	0.88250	0.035782	27.947	12.949	15.415	89.955	12.523	20.988	177.02	1.8245	22.964	0.0055277	vapor
298.00	0.88500	0.035884	27.867	12.949	15.415	89.931	12.523	20.989	177.02	1.8245	22.964	0.0055278	vapor
298.00	0.88750	0.035986	27.788	12.949	15.415	89.908	12.524	20.990	177.02	1.8245	22.964	0.0055279	vapor
298.00	0.89000	0.036088	27.710	12.949	15.415	89.884	12.524	20.990	177.02	1.8245	22.964	0.0055280	vapor
298.00	0.89250	0.036190	27.632	12.949	15.415	89.860	12.524	20.991	177.02	1.8245	22.965	0.0055281	vapor
298.00	0.89500	0.036292	27.554	12.948	15.415	89.837	12.524	20.991	177.02	1.8245	22.965	0.0055282	vapor
298.00	0.89750	0.036394	27.477	12.948	15.414	89.814	12.524	20.992	177.02	1.8245	22.965	0.0055283	vapor
298.00	0.90000	0.036495	27.401	12.948	15.414	89.790	12.524	20.993	177.01	1.8245	22.965	0.0055284	vapor
298.00	0.90250	0.036597	27.324	12.948	15.414	89.767	12.524	20.993	177.01	1.8245	22.965	0.0055285	vapor
298.00	0.90500	0.036699	27.249	12.948	15.414	89.744	12.525	20.994	177.01	1.8245	22.966	0.0055286	vapor
298.00	0.90750	0.036801	27.173	12.948	15.414	89.721	12.525	20.994	177.01	1.8245	22.966	0.0055287	vapor
298.00	0.91000	0.036903	27.098	12.948	15.414	89.698	12.525	20.995	177.01	1.8245	22.966	0.0055288	vapor
298.00	0.91250	0.037005	27.024	12.948	15.414	89.674	12.525	20.995	177.01	1.8244	22.966	0.0055289	vapor
298.00	0.91500	0.037107	26.949	12.948	15.414	89.652	12.525	20.996	177.01	1.8244	22.966	0.0055290	vapor
298.00	0.91750	0.037208	26.876	12.948	15.414	89.629	12.525	20.997	177.01	1.8244	22.967	0.0055291	vapor
298.00	0.92000	0.037310	26.802	12.948	15.414	89.606	12.526	20.997	177.01	1.8244	22.967	0.0055292	vapor
298.00	0.92250	0.037412	26.729	12.948	15.414	89.583	12.526	20.998	177.01	1.8244	22.967	0.0055293	vapor
298.00	0.92500	0.037514	26.657	12.948	15.413	89.560	12.526	20.998	177.01	1.8244	22.967	0.0055294	vapor
298.00	0.92750	0.037616	26.584	12.948	15.413	89.538	12.526	20.999	177.00	1.8244	22.967	0.0055295	vapor
298.00	0.93000	0.037718	26.513	12.948	15.413	89.515	12.526	20.999	177.00	1.8244	22.968	0.0055296	vapor
298.00	0.93250	0.037820	26.441	12.947	15.413	89.493	12.526	21.000	177.00	1.8244	22.968	0.0055297	vapor
298.00	0.93500	0.037922	26.370	12.947	15.413	89.470	12.526	21.001	177.00	1.8244	22.968	0.0055298	vapor
298.00	0.93750	0.038024	26.299	12.947	15.413	89.448	12.527	21.001	177.00	1.8244	22.968	0.0055299	vapor
298.00	0.94000	0.038125	26.229	12.947	15.413	89.425	12.527	21.002	177.00	1.8244	22.968	0.0055300	vapor
298.00	0.94250	0.038227	26.159	12.947	15.413	89.403	12.527	21.002	177.00	1.8243	22.969	0.0055301	vapor
298.00	0.94500	0.038329	26.090	12.947	15.413	89.381	12.527	21.003	177.00	1.8243	22.969	0.0055302	vapor
298.00	0.94750	0.038431	26.021	12.947	15.413	89.359	12.527	21.004	177.00	1.8243	22.969	0.0055303	vapor
298.00	0.95000	0.038533	25.952	12.947	15.412	89.336	12.527	21.004	177.00	1.8243	22.969	0.0055304	vapor
298.00	0.95250	0.038635	25.883	12.947	15.412	89.314	12.527	21.005	177.00	1.8243	22.969	0.0055305	vapor
298.00	0.95500	0.038737	25.815	12.947	15.412	89.292	12.528	21.005	176.99	1.8243	22.970	0.0055306	vapor
298.00	0.95750	0.038839	25.747	12.947	15.412	89.270	12.528	21.006	176.99	1.8243	22.970	0.0055307	vapor
298.00	0.96000	0.038941	25.680	12.947	15.412	89.249	12.528	21.006	176.99	1.8243	22.970	0.0055308	vapor
298.00	0.96250	0.039043	25.613	12.947	15.412	89.227	12.528	21.007	176.99	1.8243	22.970	0.0055309	vapor
298.00	0.96500	0.039145	25.546	12.947	15.412	89.205	12.528	21.008	176.99	1.8243	22.970	0.0055310	vapor
298.00	0.96750	0.039247	25.480	12.947	15.412	89.183	12.528	21.008	176.99	1.8243	22.971	0.0055311	vapor
298.00	0.97000	0.039348	25.414	12.947	15.412	89.162	12.528	21.009	176.99	1.8243	22.971	0.0055312	vapor
298.00	0.97250	0.039450	25.348	12.946	15.412	89.140	12.529	21.009	176.99	1.8242	22.971	0.0055313	vapor
298.00	0.97500	0.039552	25.283	12.946	15.412	89.118	12.529	21.010	176.99	1.8242	22.971	0.0055314	vapor
298.00	0.97750	0.039654	25.218	12.946	15.411	89.097	12.529	21.011	176.99	1.8242	22.971	0.0055315	vapor
298.00	0.98000	0.039756	25.153	12.946	15.411	89.075	12.529	21.011	176.98	1.8242	22.972	0.0055316	vapor
298.00	0.98250	0.039858	25.089	12.946	15.411	89.054	12.529	21.012	176.98	1.8242	22.972	0.0055317	vapor
298.00	0.98500	0.039960	25.025	12.946	15.411	89.033	12.529	21.012	176.98	1.8242	22.972	0.0055317	vapor
298.00	0.98750	0.040062	24.961	12.946	15.411	89.011	12.529	21.013	176.98	1.8242	22.972	0.0055318	vapor
298.00	0.99000	0.040164	24.898	12.946	15.411	88.990	12.530	21.013	176.98	1.8242	22.972	0.0055319	vapor
298.00	0.99250	0.040266	24.835	12.946	15.411	88.969	12.530	21.014	176.98	1.8242	22.973	0.0055320	vapor
298.00	0.99500	0.040368	24.772	12.946	15.411	88.948	12.530	21.015	176.98	1.8242	22.973	0.0055321	vapor
298.00	0.99750	0.040470	24.710	12.946	15.411	88.927	12.530	21.015	176.98	1.8242	22.973	0.0055322	vapor
298.00	1.0000	0.040572	24.648	12.946	15.411	88.906	12.530	21.016	176.98	1.8242	22.973	0.0055323	vapor
298.00	1.0025	0.040674	24.586	12.946	15.410	88.885	12.530	21.016	176.98	1.8241	22.973	0.0055324	vapor
298.00	1.0050	0.040776	24.524	12.946	15.410	88.864	12.531	21.017	176.98	1.8241	22.974	0.0055325	vapor
298.00	1.0075	0.040878	24.463	12.946	15.410	88.843	12.531	21.018	176.97	1.8241	22.974	0.0055326	vapor
298.00	1.0100	0.040980	24.402	12.946	15.410	88.822	12.531	21.018	176.97	1.8241	22.974	0.0055327	vapor
298.00	1.0125	0.041082	24.342	12.945	15.410	88.801	12.531	21.019	176.97	1.8241	22.974	0.0055328	vapor
298.00	1.0150	0.041184	24.281	12.945	15.410	88.781	12.531	21.019	176.97	1.8241	22.974	0.0055329	vapor
298.00	1.0175	0.041286	24.221	12.945	15.410	88.760	12.531	21.020	176.97	1.8241	22.975	0.0055330	vapor
298.00	1.0200	0.041388	24.162	12.945	15.410	88.739	12.531	21.020	176.97	1.8241	22.975	0.0055331	vapor
298.00	1.0225	0.041490	24.102	12.945	15.410	88.719	12.532	21.021	176.97	1.8241	22.975	0.0055332	vapor
298.00	1.0250	0.041592	24.043	12.945	15.410	88.698	12.532	21.022	176.97	1.8241	22.975	0.0055333	vapor
298.00	1.0275	0.041694	23.984	12.945	15.409	88.678	12.532	21.022	176.97	1.8241	22.975	0.0055334	vapor
298.00	1.0300	0.041796	23.926	12.945	15.409	88.657	12.532	21.023	176.97	1.8241	22.976	0.0055335	vapor
298.00	1.0325	0.041898	23.868	12.945	15.409	88.637	12.532	21.023	176.97	1.8240	22.976	0.0055336	vapor
298.00	1.0350	0.042000	23.810	12.945	15.409	88.617	12.532	21.024	176.96	1.8240	22.976	0.0055337	vapor
298.00	1.0375	0.042102	23.752	12.945	15.409	88.596	12.532	21.025	176.96	1.8240	22.976	0.0055338	vapor
298.00	1.0400	0.042204	23.695	12.945	15.409	88.576	12.533	21.025	176.96	1.8240	22.976	0.0055339	vapor
298.00	1.0425	0.042306	23.638	12.945	15.409	88.556	12.533	21.026	176.96	1.8240	22.977	0.0055340	vapor
298.00	1.0450	0.042408	23.581	12.945	15.409	88.536	12.533	21.026	176.96	1.8240	22.977	0.0055341	vapor
298.00	1.0475	0.042510	23.524	12.945	15.409	88.516	12.533	21.027	176.96	1.8240	22.977	0.0055342	vapor
298.00	1.0500	0.042612	23.468	12.945	15.409	88.496	12.533	21.027	176.96	1.8240	22.977	0.0055343	vapor
298.00	1.0525	0.042714	23.412	12.944	15.409	88.476	12.533	21.028	176.96	1.8240	22.977	0.0055344	vapor
298.00	1.0550	0.042816	23.356	12.944	15.408	88.456	12.533	21.029	176.96	1.8240	22.978	0.0055345	vapor
298.00	1.0575	0.042918	23.300	12.944	15.408	88.436	12.534	21.029	176.96	1.8240	22.978	0.0055346	vapor
298.00	1.0600	0.043020	23.245	12.944	15.408	88.416	12.534	21.030	176.96	1.8240	22.978	0.0055347	vapor
298.00	1.0625	0.043122	23.190	12.944	15.408	88.396	12.534	21.030	176.95	1.8239	22.978	0.0055348	vapor
298.00	1.0650	0.043224	23.135	12.944	15.408	88.377	12.534	21.031	176.95	1.8239	22.978	0.0055349	vapor
298.00	1.0675	0.043326	23.081	12.944	15.408	88.357	12.534	21.031	176.95	1.8239	22.979	0.0055350	vapor
298.00	1.0700	0.043428	23.027	12.944	15.408	88.337	12.534	21.032	176.95	1.8239	22.979	0.0055351	vapor
298.00	1.0725	0.043530	22.973	12.944	15.408	88.318	12.534	21.033	176.95	1.8239	22.979	0.0055352	vapor
298.00	1.0750	0.043632	22.919	12.944	15.408	88.298	12.535	21.033	176.95	1.8239	22.979	0.0055353	vapor
298.00	1.0775	0.043734	22.865	12.944	15.408	88.278	12.535	21.034	176.95	1.8239	22.979	0.0055354	vapor
298.00	1.0800	0.043836	22.812	12.944	15.407	88.259	12.535	21.034	176.95	1.8239	22.980	0.0055355	vapor
298.00	1.0825	0.043938	22.759	12.944	15.407	88.240	12.535	21.035	176.95	1.8239	22.980	0.0055356	vapor
298.00	1.0850	0.044040	22.707	12.944	15.407	88.220	12.535	21.036	176.95	1.8239	22.980	0.0055357	vapor
298.00	1.0875	0.044142	22.654	12.944	15.407	88.201	12.535	21.036	176.94	1.8239	22.980	0.0055358	vapor
298.00	1.0900	0.044244	22.602	12.943	15.407	88.182	12.536	21.037	176.94	1.8239	22.980	0.0055359	vapor
298.00	1.0925	0.044346	22.550	12.943	15.407	88.162	12.536	21.037	176.94	1.8238	22.980	0.0055360	vapor
298.00	1.0950	0.044448	22.498	12.943	15.407	88.143	12.536	21.038	176.94	1.8238	22.981	0.0055361	vapor
298.00	1.0975	0.044551	22.446	12.943	15.407	88.124	12.536	21.038	176.94	1.8238	22.981	0.0055362	vapor
298.00	1.1000	0.044653	22.395	12.943	15.407	88.105	12.536	21.039	176.94	1.8238	22.981	0.0055363	vapor
298.00	1.1025	0.044755	22.344	12.943	15.407	88.086	12.536	21.040	176.94	1.8238	22.981	0.0055364	vapor
298.00	1.1050	0.044857	22.293	12.943	15.407	88.067	12.536	21.040	176.94	1.8238	22.981	0.0055365	vapor
298.00	1.1075	0.044959	22.243	12.943	15.406	88.048	12.537	21.041	176.94	1.8238	22.982	0.0055366	vapor
298.00	1.1100	0.045061	22.192	12.943	15.406	88.029	12.537	21.041	176.94	1.8238	22.982	0.0055367	vapor
298.00	1.1125	0.045163	22.142	12.943	15.406	88.010	12.537	21.042	176.94	1.8238	22.982	0.0055368	vapor
298.00	1.1150	0.045265	22.092	12.943	15.406	87.991	12.537	21.043	176.93	1.8238	22.982	0.0055369	vapor
298.00	1.1175	0.045367	22.042	12.943	15.406	87.972	12.537	21.043	176.93	1.8238	22.982	0.0055370	vapor
298.00	1.1200	0.045469	21.993	12.943	15.406	87.953	12.537	21.044	176.93	1.8238	22.983	0.0055371	vapor
298.00	1.1225	0.045571	21.944	12.943	15.406	87.934	12.537	21.044	176.93	1.8237	22.983	0.0055371	vapor
298.00	1.1250	0.045673	21.895	12.943	15.406	87.916	12.538	21.045	176.93	1.8237	22.983	0.0055372	vapor
298.00	1.1275	0.045776	21.846	12.943	15.406	87.897	12.538	21.045	176.93	1.8237	22.983	0.0055373	vapor
298.00	1.1300	0.045878	21.797	12.942	15.406	87.878	12.538	21.046	176.93	1.8237	22.983	0.0055374	vapor
298.00	1.1325	0.045980	21.749	12.942	15.405	87.860	12.538	21.047	176.93	1.8237	22.984	0.0055375	vapor
298.00	1.1350	0.046082	21.701	12.942	15.405	87.841	12.538	21.047	176.93	1.8237	22.984	0.0055376	vapor
298.00	1.1375	0.046184	21.653	12.942	15.405	87.823	12.538	21.048	176.93	1.8237	22.984	0.0055377	vapor
298.00	1.1400	0.046286	21.605	12.942	15.405	87.804	12.538	21.048	176.93	1.8237	22.984	0.0055378	vapor
298.00	1.1425	0.046388	21.557	12.942	15.405	87.786	12.539	21.049	176.92	1.8237	22.984	0.0055379	vapor
298.00	1.1450	0.046490	21.510	12.942	15.405	87.768	12.539	21.050	176.92	1.8237	22.985	0.0055380	vapor
298.00	1.1475	0.046592	21.463	12.942	15.405	87.749	12.539	21.050	176.92	1.8237	22.985	0.0055381	vapor
298.00	1.1500	0.046695	21.416	12.942	15.405	87.731	12.539	21.051	176.92	1.8237	22.985	0.0055382	vapor
298.00	1.1525	0.046797	21.369	12.942	15.405	87.713	12.539	21.051	176.92	1.8236	22.985	0.0055383	vapor
298.00	1.1550	0.046899	21.322	12.942	15.405	87.694	12.539	21.052	176.92	1.8236	22.985	0.0055384	vapor
298.00	1.1575	0.047001	21.276	12.942	15.405	87.676	12.539	21.052	176.92	1.8236	22.986	0.0055385	vapor
298.00	1.1600	0.047103	21.230	12.942	15.404	87.658	12.540	21.053	176.92	1.8236	22.986	0.0055386	vapor
298.00	1.1625	0.047205	21.184	12.942	15.404	87.640	12.540	21.054	176.92	1.8236	22.986	0.0055387	vapor
298.00	1.1650	0.047307	21.138	12.942	15.404	87.622	12.540	21.054	176.92	1.8236	22.986	0.0055388	vapor
298.00	1.1675	0.047410	21.093	12.942	15.404	87.604	12.540	21.055	176.91	1.8236	22.986	0.0055389	vapor
298.00	1.1700	0.047512	21.047	12.941	15.404	87.586	12.540	21.055	176.91	1.8236	22.987	0.0055390	vapor
298.00	1.1725	0.047614	21.002	12.941	15.404	87.568	12.540	21.056	176.91	1.8236	22.987	0.0055391	vapor
298.00	1.1750	0.047716	20.957	12.941	15.404	87.550	12.541	21.057	176.91	1.8236	22.987	0.0055392	vapor
298.00	1.1775	0.047818	20.913	12.941	15.404	87.532	12.541	21.057	176.91	1.8236	22.987	0.0055393	vapor
298.00	1.1800	0.047920	20.868	12.941	15.404	87.514	12.541	21.058	176.91	1.8236	22.987	0.0055394	vapor
298.00	1.1825	0.048022	20.824	12.941	15.404	87.496	12.541	21.058	176.91	1.8235	22.988	0.0055395	vapor
298.00	1.1850	0.048125	20.779	12.941	15.403	87.479	12.541	21.059	176.91	1.8235	22.988	0.0055396	vapor
298.00	1.1875	0.048227	20.735	12.941	15.403	87.461	12.541	21.060	176.91	1.8235	22.988	0.0055397	vapor
298.00	1.1900	0.048329	20.692	12.941	15.403	87.443	12.541	21.060	176.91	1.8235	22.988	0.0055398	vapor
298.00	1.1925	0.048431	20.648	12.941	15.403	87.426	12.542	21.061	176.91	1.8235	22.988	0.0055399	vapor
298.00	1.1950	0.048533	20.604	12.941	15.403	87.408	12.542	21.061	176.90	1.8235	22.989	0.0055400	vapor
298.00	1.1975	0.048635	20.561	12.941	15.403	87.390	12.542	21.062	176.90	1.8235	22.989	0.0055401	vapor
298.00	1.2000	0.048738	20.518	12.941	15.403	87.373	12.542	21.062	176.90	1.8235	22.989	0.0055402	vapor
298.00	1.2025	0.048840	20.475	12.941	15.403	87.355	12.542	21.063	176.90	1.8235	22.989	0.0055403	vapor
298.00	1.2050	0.048942	20.432	12.941	15.403	87.338	12.542	21.064	176.90	1.8235	22.989	0.0055404	vapor
298.00	1.2075	0.049044	20.390	12.941	15.403	87.320	12.542	21.064	176.90	1.8235	22.990	0.0055405	vapor
298.00	1.2100	0.049146	20.347	12.940	15.402	87.303	12.543	21.065	176.90	1.8235	22.990	0.0055406	vapor
298.00	1.2125	0.049249	20.305	12.940	15.402	87.286	12.543	21.065	176.90	1.8234	22.990	0.0055406	vapor
298.00	1.2150	0.049351	20.263	12.940	15.402	87.268	12.543	21.066	176.90	1.8234	22.990	0.0055407	vapor
298.00	1.2175	0.049453	20.221	12.940	15.402	87.251	12.543	21.067	176.90	1.8234	22.990	0.0055408	vapor
298.00	1.2200	0.049555	20.180	12.940	15.402	87.234	12.543	21.067	176.90	1.8234	22.991	0.0055409	vapor
298.00	1.2225	0.049657	20.138	12.940	15.402	87.216	12.543	21.068	176.89	1.8234	22.991	0.0055410	vapor
298.00	1.2250	0.049760	20.097	12.940	15.402	87.199	12.543	21.068	176.89	1.8234	22.991	0.0055411	vapor
298.00	1.2275	0.049862	20.055	12.940	15.402	87.182	12.544	21.069	176.89	1.8234	22.991	0.0055412	vapor
298.00	1.2300	0.049964	20.014	12.940	15.402	87.165	12.544	21.069	176.89	1.8234	22.991	0.0055413	vapor
298.00	1.2325	0.050066	19.974	12.940	15.402	87.148	12.544	21.070	176.89	1.8234	22.991	0.0055414	vapor
298.00	1.2350	0.050168	19.933	12.940	15.402	87.131	12.544	21.071	176.89	1.8234	22.992	0.0055415	vapor
298.00	1.2375	0.050271	19.892	12.940	15.401	87.114	12.544	21.071	176.89	1.8234	22.992	0.0055416	vapor
298.00	1.2400	0.050373	19.852	12.940	15.401	87.097	12.544	21.072	176.89	1.8234	22.992	0.0055417	vapor
298.00	1.2425	0.050475	19.812	12.940	15.401	87.080	12.545	21.072	176.89	1.8233	22.992	0.0055418	vapor
298.00	1.2450	0.050577	19.772	12.940	15.401	87.063	12.545	21.073	176.89	1.8233	22.992	0.0055419	vapor
298.00	1.2475	0.050680	19.732	12.940	15.401	87.046	12.545	21.074	176.89	1.8233	22.993	0.0055420	vapor
298.00	1.2500	0.050782	19.692	12.939	15.401	87.029	12.545	21.074	176.88	1.8233	22.993	0.0055421	vapor
298.00	1.2525	0.050884	19.653	12.939	15.401	87.012	12.545	21.075	176.88	1.8233	22.993	0.0055422	vapor
298.00	1.2550	0.050986	19.613	12.939	15.401	86.995	12.545	21.075	176.88	1.8233	22.993	0.0055423	vapor
298.00	1.2575	0.051089	19.574	12.939	15.401	86.979	12.545	21.076	176.88	1.8233	22.993	0.0055424	vapor
298.00	1.2600	0.051191	19.535	12.939	15.401	86.962	12.546	21.076	176.88	1.8233	22.994	0.0055425	vapor
298.00	1.2625	0.051293	19.496	12.939	15.400	86.945	12.546	21.077	176.88	1.8233	22.994	0.0055426	vapor
298.00	1.2650	0.051395	19.457	12.939	15.400	86.929	12.546	21.078	176.88	1.8233	22.994	0.0055427	vapor
298.00	1.2675	0.051498	19.418	12.939	15.400	86.912	12.546	21.078	176.88	1.8233	22.994	0.0055428	vapor
298.00	1.2700	0.051600	19.380	12.939	15.400	86.895	12.546	21.079	176.88	1.8233	22.994	0.0055429	vapor
298.00	1.2725	0.051702	19.342	12.939	15.400	86.879	12.546	21.079	176.88	1.8232	22.995	0.0055430	vapor
298.00	1.2750	0.051804	19.303	12.939	15.400	86.862	12.546	21.080	176.87	1.8232	22.995	0.0055431	vapor
298.00	1.2775	0.051907	19.265	12.939	15.400	86.846	12.547	21.081	176.87	1.8232	22.995	0.0055432	vapor
298.00	1.2800	0.052009	19.227	12.939	15.400	86.829	12.547	21.081	176.87	1.8232	22.995	0.0055433	vapor
298.00	1.2825	0.052111	19.190	12.939	15.400	86.813	12.547	21.082	176.87	1.8232	22.995	0.0055434	vapor
298.00	1.2850	0.052213	19.152	12.939	15.400	86.796	12.547	21.082	176.87	1.8232	22.996	0.0055434	vapor
298.00	1.2875	0.052316	19.115	12.938	15.400	86.780	12.547	21.083	176.87	1.8232	22.996	0.0055435	vapor
298.00	1.2900	0.052418	19.077	12.938	15.399	86.764	12.547	21.084	176.87	1.8232	22.996	0.0055436	vapor
298.00	1.2925	0.052520	19.040	12.938	15.399	86.747	12.547	21.084	176.87	1.8232	22.996	0.0055437	vapor
298.00	1.2950	0.052623	19.003	12.938	15.399	86.731	12.548	21.085	176.87	1.8232	22.996	0.0055438	vapor
298.00	1.2975	0.052725	18.966	12.938	15.399	86.715	12.548	21.085	176.87	1.8232	22.997	0.0055439	vapor
298.00	1.3000	0.052827	18.930	12.938	15.399	86.699	12.548	21.086	176.87	1.8232	22.997	0.0055440	vapor
298.00	1.3025	0.052929	18.893	12.938	15.399	86.682	12.548	21.086	176.86	1.8231	22.997	0.0055441	vapor
298.00	1.3050	0.053032	18.857	12.938	15.399	86.666	12.548	21.087	176.86	1.8231	22.997	0.0055442	vapor
298.00	1.3075	0.053134	18.820	12.938	15.399	86.650	12.548	21.088	176.86	1.8231	22.997	0.0055443	vapor
298.00	1.3100	0.053236	18.784	12.938	15.399	86.634	12.548	21.088	176.86	1.8231	22.998	0.0055444	vapor
298.00	1.3125	0.053339	18.748	12.938	15.399	86.618	12.549	21.089	176.86	1.8231	22.998	0.0055445	vapor
298.00	1.3150	0.053441	18.712	12.938	15.398	86.602	12.549	21.089	176.86	1.8231	22.998	0.0055446	vapor
298.00	1.3175	0.053543	18.677	12.938	15.398	86.586	12.549	21.090	176.86	1.8231	22.998	0.0055447	vapor
298.00	1.3200	0.053646	18.641	12.938	15.398	86.570	12.549	21.091	176.86	1.8231	22.998	0.0055448	vapor
298.00	1.3225	0.053748	18.605	12.938	15.398	86.554	12.549	21.091	176.86	1.8231	22.999	0.0055449	vapor
298.00	1.3250	0.053850	18.570	12.938	15.398	86.538	12.549	21.092	176.86	1.8231	22.999	0.0055450	vapor
298.00	1.3275	0.053952	18.535	12.937	15.398	86.522	12.550	21.092	176.86	1.8231	22.999	0.0055451	vapor
298.00	1.3300	0.054055	18.500	12.937	15.398	86.506	12.550	21.093	176.85	1.8231	22.999	0.0055452	vapor
298.00	1.3325	0.054157	18.465	12.937	15.398	86.491	12.550	21.093	176.85	1.8230	22.999	0.0055453	vapor
298.00	1.3350	0.054259	18.430	12.937	15.398	86.475	12.550	21.094	176.85	1.8230	22.999	0.0055454	vapor
298.00	1.3375	0.054362	18.395	12.937	15.398	86.459	12.550	21.095	176.85	1.8230	23.000	0.0055455	vapor
298.00	1.3400	0.054464	18.361	12.937	15.397	86.443	12.550	21.095	176.85	1.8230	23.000	0.0055456	vapor
298.00	1.3425	0.054566	18.326	12.937	15.397	86.428	12.550	21.096	176.85	1.8230	23.000	0.0055457	vapor
298.00	1.3450	0.054669	18.292	12.937	15.397	86.412	12.551	21.096	176.85	1.8230	23.000	0.0055458	vapor
298.00	1.3475	0.054771	18.258	12.937	15.397	86.396	12.551	21.097	176.85	1.8230	23.000	0.0055459	vapor
298.00	1.3500	0.054873	18.224	12.937	15.397	86.381	12.551	21.098	176.85	1.8230	23.001	0.0055460	vapor
298.00	1.3525	0.054976	18.190	12.937	15.397	86.365	12.551	21.098	176.85	1.8230	23.001	0.0055460	vapor
298.00	1.3550	0.055078	18.156	12.937	15.397	86.349	12.551	21.099	176.84	1.8230	23.001	0.0055461	vapor
298.00	1.3575	0.055180	18.122	12.937	15.397	86.334	12.551	21.099	176.84	1.8230	23.001	0.0055462	vapor
298.00	1.3600	0.055283	18.089	12.937	15.397	86.318	12.551	21.100	176.84	1.8230	23.001	0.0055463	vapor
298.00	1.3625	0.055385	18.055	12.937	15.397	86.303	12.552	21.101	176.84	1.8229	23.002	0.0055464	vapor
298.00	1.3650	0.055488	18.022	12.937	15.397	86.287	12.552	21.101	176.84	1.8229	23.002	0.0055465	vapor
298.00	1.3675	0.055590	17.989	12.936	15.396	86.272	12.552	21.102	176.84	1.8229	23.002	0.0055466	vapor
298.00	1.3700	0.055692	17.956	12.936	15.396	86.257	12.552	21.102	176.84	1.8229	23.002	0.0055467	vapor
298.00	1.3725	0.055795	17.923	12.936	15.396	86.241	12.552	21.103	176.84	1.8229	23.002	0.0055468	vapor
298.00	1.3750	0.055897	17.890	12.936	15.396	86.226	12.552	21.103	176.84	1.8229	23.003	0.0055469	vapor
298.00	1.3775	0.055999	17.857	12.936	15.396	86.211	12.552	21.104	176.84	1.8229	23.003	0.0055470	vapor
298.00	1.3800	0.056102	17.825	12.936	15.396	86.195	12.553	21.105	176.84	1.8229	23.003	0.0055471	vapor
298.00	1.3825	0.056204	17.792	12.936	15.396	86.180	12.553	21.105	176.83	1.8229	23.003	0.0055472	vapor
298.00	1.3850	0.056307	17.760	12.936	15.396	86.165	12.553	21.106	176.83	1.8229	23.003	0.0055473	vapor
298.00	1.3875	0.056409	17.728	12.936	15.396	86.150	12.553	21.106	176.83	1.8229	23.004	0.0055474	vapor
298.00	1.3900	0.056511	17.696	12.936	15.396	86.134	12.553	21.107	176.83	1.8229	23.004	0.0055475	vapor
298.00	1.3925	0.056614	17.664	12.936	15.395	86.119	12.553	21.108	176.83	1.8228	23.004	0.0055476	vapor
298.00	1.3950	0.056716	17.632	12.936	15.395	86.104	12.554	21.108	176.83	1.8228	23.004	0.0055477	vapor
298.00	1.3975	0.056818	17.600	12.936	15.395	86.089	12.554	21.109	176.83	1.8228	23.004	0.0055478	vapor
298.00	1.4000	0.056921	17.568	12.936	15.395	86.074	12.554	21.109	176.83	1.8228	23.005	0.0055479	vapor
298.00	1.4025	0.057023	17.537	12.936	15.395	86.059	12.554	21.110	176.83	1.8228	23.005	0.0055480	vapor
298.00	1.4050	0.057126	17.505	12.935	15.395	86.044	12.554	21.111	176.83	1.8228	23.005	0.0055481	vapor
298.00	1.4075	0.057228	17.474	12.935	15.395	86.029	12.554	21.111	176.83	1.8228	23.005	0.0055482	vapor
298.00	1.4100	0.057330	17.443	12.935	15.395	86.014	12.554	21.112	176.82	1.8228	23.005	0.0055483	vapor
298.00	1.4125	0.057433	17.412	12.935	15.395	85.999	12.555	21.112	176.82	1.8228	23.006	0.0055483	vapor
298.00	1.4150	0.057535	17.381	12.935	15.395	85.984	12.555	21.113	176.82	1.8228	23.006	0.0055484	vapor
298.00	1.4175	0.057638	17.350	12.935	15.395	85.969	12.555	21.113	176.82	1.8228	23.006	0.0055485	vapor
298.00	1.4200	0.057740	17.319	12.935	15.394	85.954	12.555	21.114	176.82	1.8228	23.006	0.0055486	vapor
298.00	1.4225	0.057843	17.288	12.935	15.394	85.939	12.555	21.115	176.82	1.8227	23.006	0.0055487	vapor
298.00	1.4250	0.057945	17.258	12.935	15.394	85.925	12.555	21.115	176.82	1.8227	23.006	0.0055488	vapor
298.00	1.4275	0.058047	17.227	12.935	15.394	85.910	12.555	21.116	176.82	1.8227	23.007	0.0055489	vapor
298.00	1.4300	0.058150	17.197	12.935	15.394	85.895	12.556	21.116	176.82	1.8227	23.007	0.0055490	vapor
298.00	1.4325	0.058252	17.167	12.935	15.394	85.880	12.556	21.117	176.82	1.8227	23.007	0.0055491	vapor
298.00	1.4350	0.058355	17.137	12.935	15.394	85.866	12.556	21.118	176.82	1.8227	23.007	0.0055492	vapor
298.00	1.4375	0.058457	17.107	12.935	15.394	85.851	12.556	21.118	176.81	1.8227	23.007	0.0055493	vapor
298.00	1.4400	0.058560	17.077	12.935	15.394	85.836	12.556	21.119	176.81	1.8227	23.008	0.0055494	vapor
298.00	1.4425	0.058662	17.047	12.935	15.394	85.822	12.556	21.119	176.81	1.8227	23.008	0.0055495	vapor
298.00	1.4450	0.058764	17.017	12.934	15.393	85.807	12.556	21.120	176.81	1.8227	23.008	0.0055496	vapor
298.00	1.4475	0.058867	16.987	12.934	15.393	85.792	12.557	21.121	176.81	1.8227	23.008	0.0055497	vapor
298.00	1.4500	0.058969	16.958	12.934	15.393	85.778	12.557	21.121	176.81	1.8227	23.008	0.0055498	vapor
298.00	1.4525	0.059072	16.929	12.934	15.393	85.763	12.557	21.122	176.81	1.8226	23.009	0.0055499	vapor
298.00	1.4550	0.059174	16.899	12.934	15.393	85.749	12.557	21.122	176.81	1.8226	23.009	0.0055500	vapor
298.00	1.4575	0.059277	16.870	12.934	15.393	85.734	12.557	21.123	176.81	1.8226	23.009	0.0055501	vapor
298.00	1.4600	0.059379	16.841	12.934	15.393	85.720	12.557	21.123	176.81	1.8226	23.009	0.0055502	vapor
298.00	1.4625	0.059482	16.812	12.934	15.393	85.705	12.557	21.124	176.80	1.8226	23.009	0.0055503	vapor
298.00	1.4650	0.059584	16.783	12.934	15.393	85.691	12.558	21.125	176.80	1.8226	23.010	0.0055504	vapor
298.00	1.4675	0.059687	16.754	12.934	15.393	85.677	12.558	21.125	176.80	1.8226	23.010	0.0055504	vapor
298.00	1.4700	0.059789	16.725	12.934	15.392	85.662	12.558	21.126	176.80	1.8226	23.010	0.0055505	vapor
298.00	1.4725	0.059892	16.697	12.934	15.392	85.648	12.558	21.126	176.80	1.8226	23.010	0.0055506	vapor
298.00	1.4750	0.059994	16.668	12.934	15.392	85.634	12.558	21.127	176.80	1.8226	23.010	0.0055507	vapor
298.00	1.4775	0.060097	16.640	12.934	15.392	85.619	12.558	21.128	176.80	1.8226	23.011	0.0055508	vapor
298.00	1.4800	0.060199	16.612	12.934	15.392	85.605	12.559	21.128	176.80	1.8226	23.011	0.0055509	vapor
298.00	1.4825	0.060302	16.583	12.934	15.392	85.591	12.559	21.129	176.80	1.8225	23.011	0.0055510	vapor
298.00	1.4850	0.060404	16.555	12.933	15.392	85.577	12.559	21.129	176.80	1.8225	23.011	0.0055511	vapor
298.00	1.4875	0.060507	16.527	12.933	15.392	85.562	12.559	21.130	176.80	1.8225	23.011	0.0055512	vapor
298.00	1.4900	0.060609	16.499	12.933	15.392	85.548	12.559	21.131	176.79	1.8225	23.012	0.0055513	vapor
298.00	1.4925	0.060711	16.471	12.933	15.392	85.534	12.559	21.131	176.79	1.8225	23.012	0.0055514	vapor
298.00	1.4950	0.060814	16.444	12.933	15.392	85.520	12.559	21.132	176.79	1.8225	23.012	0.0055515	vapor
298.00	1.4975	0.060917	16.416	12.933	15.391	85.506	12.560	21.132	176.79	1.8225	23.012	0.0055516	vapor
298.00	1.5000	0.061019	16.388	12.933	15.391	85.492	12.560	21.133	176.79	1.8225	23.012	0.0055517	vapor
