Temperature (K)	Pressure (bar)	Density (mol/l)	Volume (l/mol)	Internal Energy (kJ/mol)	Enthalpy (kJ/mol)	Entropy (J/mol*K)	Cv (J/mol*K)	Cp (J/mol*K)	Sound Spd. (m/s)	Joule-Thomson (K/bar)	Viscosity (uPa*s)	Therm. Cond. (W/m*K)	Phase
298.00	0.0000	0.0000	infinite	12.971	15.449	445.20	12.472	20.786	177.35	undefined	22.879	0.0054834	vapor
298.00	0.58333	0.023615	42.346	12.956	15.426	93.423	12.506	20.919	177.13	1.8255	22.939	0.0055154	vapor
298.00	1.1667	0.047376	21.108	12.942	15.404	87.610	12.540	21.055	176.92	1.8236	22.986	0.0055389	vapor
298.00	1.7500	0.071284	14.028	12.927	15.382	84.189	12.575	21.192	176.70	1.8217	23.032	0.0055612	vapor
298.00	2.3333	0.095342	10.489	12.912	15.359	81.746	12.609	21.332	176.48	1.8197	23.076	0.0055830	vapor
298.00	2.9167	0.11955	8.3646	12.897	15.336	79.840	12.644	21.474	176.26	1.8177	23.121	0.0056046	vapor
298.00	3.5000	0.14392	6.9484	12.882	15.314	78.273	12.679	21.618	176.04	1.8157	23.166	0.0056262	vapor
298.00	4.0833	0.16844	5.9368	12.866	15.291	76.940	12.715	21.764	175.82	1.8137	23.211	0.0056477	vapor
298.00	4.6667	0.19312	5.1780	12.851	15.268	75.778	12.750	21.913	175.60	1.8116	23.256	0.0056694	vapor
298.00	5.2500	0.21797	4.5878	12.836	15.244	74.747	12.786	22.065	175.37	1.8096	23.301	0.0056911	vapor
298.00	5.8333	0.24298	4.1155	12.820	15.221	73.818	12.823	22.219	175.15	1.8075	23.347	0.0057130	vapor
298.00	6.4167	0.26816	3.7291	12.805	15.197	72.973	12.859	22.376	174.93	1.8054	23.393	0.0057351	vapor
298.00	7.0000	0.29352	3.4070	12.789	15.174	72.196	12.896	22.536	174.70	1.8032	23.440	0.0057573	vapor
298.00	7.5833	0.31904	3.1344	12.773	15.150	71.477	12.933	22.698	174.48	1.8011	23.487	0.0057798	vapor
298.00	8.1667	0.34475	2.9007	12.757	15.126	70.806	12.970	22.864	174.25	1.7989	23.535	0.0058024	vapor
298.00	8.7500	0.37063	2.6981	12.741	15.102	70.178	13.008	23.032	174.02	1.7967	23.583	0.0058253	vapor
298.00	9.3333	0.39670	2.5208	12.725	15.078	69.586	13.046	23.203	173.79	1.7945	23.632	0.0058485	vapor
298.00	9.9167	0.42296	2.3643	12.709	15.053	69.027	13.084	23.378	173.57	1.7922	23.681	0.0058719	vapor
298.00	10.500	0.44941	2.2251	12.693	15.029	68.495	13.122	23.556	173.34	1.7899	23.730	0.0058956	vapor
298.00	11.083	0.47605	2.1006	12.676	15.004	67.989	13.161	23.737	173.10	1.7876	23.780	0.0059196	vapor
298.00	11.667	0.50289	1.9885	12.660	14.979	67.506	13.201	23.922	172.87	1.7853	23.831	0.0059438	vapor
298.00	12.250	0.52994	1.8870	12.643	14.954	67.043	13.240	24.111	172.64	1.7829	23.882	0.0059684	vapor
298.00	12.833	0.55719	1.7947	12.626	14.929	66.598	13.280	24.303	172.41	1.7805	23.934	0.0059934	vapor
298.00	13.417	0.58465	1.7104	12.609	14.904	66.171	13.320	24.499	172.17	1.7780	23.987	0.0060186	vapor
298.00	14.000	0.61232	1.6331	12.592	14.878	65.758	13.361	24.699	171.93	1.7756	24.040	0.0060443	vapor
298.00	14.583	0.64022	1.5620	12.575	14.853	65.359	13.402	24.903	171.70	1.7731	24.094	0.0060703	vapor
298.00	15.167	0.66833	1.4963	12.558	14.827	64.973	13.444	25.111	171.46	1.7705	24.148	0.0060966	vapor
298.00	15.750	0.69668	1.4354	12.540	14.801	64.599	13.485	25.324	171.22	1.7679	24.203	0.0061234	vapor
298.00	16.333	0.72525	1.3788	12.523	14.775	64.236	13.528	25.541	170.98	1.7653	24.259	0.0061506	vapor
298.00	16.917	0.75407	1.3261	12.505	14.748	63.882	13.571	25.762	170.74	1.7627	24.315	0.0061783	vapor
298.00	17.500	0.78312	1.2769	12.487	14.722	63.538	13.614	25.989	170.49	1.7600	24.372	0.0062064	vapor
298.00	18.083	0.81243	1.2309	12.469	14.695	63.203	13.657	26.221	170.25	1.7572	24.430	0.0062349	vapor
298.00	18.667	0.84198	1.1877	12.451	14.668	62.876	13.701	26.458	170.01	1.7544	24.489	0.0062640	vapor
298.00	19.250	0.87180	1.1471	12.433	14.641	62.556	13.746	26.700	169.76	1.7516	24.548	0.0062936	vapor
298.00	19.833	0.90188	1.1088	12.414	14.613	62.244	13.791	26.948	169.51	1.7487	24.608	0.0063237	vapor
298.00	20.417	0.93223	1.0727	12.396	14.586	61.938	13.837	27.201	169.26	1.7458	24.669	0.0063543	vapor
298.00	21.000	0.96285	1.0386	12.377	14.558	61.638	13.883	27.461	169.01	1.7428	24.731	0.0063856	vapor
298.00	21.583	0.99376	1.0063	12.358	14.530	61.343	13.930	27.726	168.76	1.7398	24.793	0.0064174	vapor
298.00	22.167	1.0250	0.97565	12.339	14.502	61.055	13.977	27.998	168.51	1.7367	24.857	0.0064499	vapor
298.00	22.750	1.0565	0.94657	12.320	14.473	60.771	14.025	28.277	168.25	1.7336	24.921	0.0064830	vapor
298.00	23.333	1.0882	0.91891	12.300	14.445	60.492	14.073	28.563	168.00	1.7304	24.986	0.0065168	vapor
298.00	23.917	1.1204	0.89257	12.281	14.416	60.218	14.122	28.856	167.74	1.7272	25.053	0.0065513	vapor
298.00	24.500	1.1528	0.86747	12.261	14.386	59.947	14.172	29.157	167.48	1.7239	25.120	0.0065866	vapor
298.00	25.083	1.1855	0.84350	12.241	14.357	59.681	14.222	29.465	167.22	1.7206	25.188	0.0066226	vapor
298.00	25.667	1.2186	0.82060	12.221	14.327	59.419	14.274	29.782	166.96	1.7172	25.257	0.0066595	vapor
298.00	26.250	1.2521	0.79869	12.201	14.297	59.160	14.325	30.107	166.69	1.7137	25.327	0.0066972	vapor
298.00	26.833	1.2858	0.77771	12.180	14.267	58.904	14.378	30.440	166.43	1.7101	25.398	0.0067358	vapor
298.00	27.417	1.3200	0.75759	12.159	14.237	58.651	14.431	30.783	166.16	1.7065	25.470	0.0067753	vapor
298.00	28.000	1.3545	0.73828	12.139	14.206	58.402	14.485	31.136	165.89	1.7028	25.544	0.0068159	vapor
298.00	28.583	1.3894	0.71974	12.117	14.175	58.155	14.540	31.499	165.62	1.6991	25.618	0.0068574	vapor
298.00	29.167	1.4247	0.70191	12.096	14.143	57.910	14.596	31.872	165.34	1.6953	25.694	0.0069000	vapor
298.00	29.750	1.4604	0.68476	12.074	14.112	57.668	14.652	32.256	165.07	1.6914	25.771	0.0069437	vapor
298.00	30.333	1.4965	0.66824	12.053	14.080	57.428	14.710	32.652	164.79	1.6874	25.849	0.0069886	vapor
298.00	30.917	1.5330	0.65231	12.031	14.047	57.191	14.768	33.060	164.51	1.6833	25.929	0.0070347	vapor
298.00	31.500	1.5700	0.63695	12.008	14.015	56.955	14.827	33.480	164.23	1.6792	26.010	0.0070821	vapor
298.00	32.083	1.6074	0.62212	11.986	13.982	56.721	14.888	33.914	163.95	1.6750	26.092	0.0071309	vapor
298.00	32.667	1.6453	0.60779	11.963	13.948	56.489	14.949	34.362	163.66	1.6707	26.176	0.0071811	vapor
298.00	33.250	1.6837	0.59394	11.940	13.915	56.259	15.011	34.824	163.38	1.6662	26.261	0.0072327	vapor
298.00	33.833	1.7225	0.58054	11.917	13.881	56.029	15.075	35.301	163.09	1.6617	26.348	0.0072860	vapor
298.00	34.417	1.7619	0.56757	11.893	13.846	55.802	15.140	35.794	162.79	1.6571	26.436	0.0073409	vapor
298.00	35.000	1.8018	0.55500	11.869	13.812	55.575	15.205	36.305	162.50	1.6524	26.526	0.0073975	vapor
298.00	35.583	1.8423	0.54281	11.845	13.776	55.349	15.273	36.833	162.20	1.6476	26.618	0.0074560	vapor
298.00	36.167	1.8833	0.53099	11.820	13.741	55.125	15.341	37.380	161.90	1.6427	26.712	0.0075163	vapor
298.00	36.750	1.9249	0.51952	11.795	13.705	54.901	15.411	37.947	161.60	1.6377	26.807	0.0075787	vapor
298.00	37.333	1.9671	0.50837	11.770	13.668	54.678	15.482	38.535	161.29	1.6326	26.904	0.0076432	vapor
298.00	37.917	2.0099	0.49754	11.745	13.631	54.456	15.555	39.145	160.98	1.6273	27.004	0.0077100	vapor
298.00	38.500	2.0534	0.48700	11.719	13.594	54.234	15.629	39.779	160.67	1.6219	27.105	0.0077791	vapor
298.00	39.083	2.0975	0.47675	11.693	13.556	54.012	15.705	40.438	160.35	1.6164	27.209	0.0078507	vapor
298.00	39.667	2.1424	0.46677	11.666	13.518	53.791	15.782	41.123	160.03	1.6108	27.315	0.0079250	vapor
298.00	40.250	2.1879	0.45705	11.639	13.479	53.570	15.861	41.837	159.71	1.6050	27.423	0.0080020	vapor
298.00	40.833	2.2343	0.44757	11.612	13.439	53.349	15.942	42.580	159.39	1.5991	27.534	0.0080820	vapor
298.00	41.417	2.2814	0.43833	11.584	13.399	53.129	16.025	43.355	159.06	1.5930	27.647	0.0081650	vapor
298.00	42.000	2.3293	0.42931	11.556	13.359	52.907	16.110	44.165	158.72	1.5868	27.763	0.0082513	vapor
298.00	42.583	2.3781	0.42051	11.527	13.318	52.686	16.197	45.010	158.39	1.5804	27.882	0.0083412	vapor
298.00	43.167	2.4278	0.41190	11.498	13.276	52.464	16.286	45.895	158.05	1.5738	28.003	0.0084346	vapor
298.00	43.750	2.4783	0.40349	11.468	13.233	52.242	16.377	46.822	157.70	1.5671	28.128	0.0085320	vapor
298.00	44.333	2.5299	0.39527	11.438	13.190	52.019	16.471	47.793	157.35	1.5602	28.256	0.0086335	vapor
298.00	44.917	2.5825	0.38722	11.407	13.146	51.795	16.567	48.812	157.00	1.5531	28.388	0.0087394	vapor
298.00	45.500	2.6362	0.37934	11.376	13.102	51.571	16.666	49.884	156.64	1.5458	28.523	0.0088500	vapor
298.00	46.083	2.6909	0.37162	11.344	13.056	51.345	16.768	51.011	156.28	1.5383	28.662	0.0089655	vapor
298.00	46.667	2.7469	0.36405	11.311	13.010	51.118	16.872	52.199	155.91	1.5306	28.805	0.0090863	vapor
298.00	47.250	2.8040	0.35663	11.278	12.963	50.889	16.980	53.453	155.53	1.5226	28.952	0.0092127	vapor
298.00	47.833	2.8625	0.34934	11.244	12.915	50.660	17.091	54.778	155.15	1.5145	29.104	0.0093451	vapor
298.00	48.417	2.9224	0.34219	11.210	12.866	50.428	17.206	56.181	154.77	1.5061	29.260	0.0094838	vapor
298.00	49.000	2.9837	0.33516	11.174	12.816	50.194	17.324	57.668	154.37	1.4974	29.422	0.0096294	vapor
298.00	49.583	3.0465	0.32824	11.138	12.765	49.958	17.446	59.249	153.97	1.4884	29.589	0.0097823	vapor
298.00	50.167	3.1110	0.32144	11.101	12.713	49.720	17.572	60.931	153.57	1.4792	29.762	0.0099430	vapor
298.00	50.750	3.1772	0.31474	11.063	12.660	49.480	17.703	62.726	153.16	1.4697	29.941	0.010112	vapor
298.00	51.333	3.2453	0.30814	11.024	12.606	49.236	17.838	64.644	152.74	1.4598	30.127	0.010290	vapor
298.00	51.917	3.3153	0.30163	10.984	12.550	48.990	17.978	66.700	152.31	1.4496	30.320	0.010478	vapor
298.00	52.500	3.3874	0.29521	10.943	12.493	48.739	18.123	68.908	151.87	1.4391	30.520	0.010677	vapor
298.00	53.083	3.4618	0.28886	10.901	12.434	48.486	18.274	71.286	151.42	1.4281	30.729	0.010886	vapor
298.00	53.667	3.5387	0.28259	10.858	12.374	48.228	18.432	73.855	150.97	1.4168	30.947	0.011108	vapor
298.00	54.250	3.6181	0.27639	10.813	12.312	47.965	18.595	76.639	150.50	1.4050	31.175	0.011343	vapor
298.00	54.833	3.7004	0.27024	10.767	12.249	47.698	18.766	79.666	150.03	1.3928	31.414	0.011593	vapor
298.00	55.417	3.7858	0.26414	10.719	12.183	47.425	18.944	82.968	149.54	1.3801	31.664	0.011859	vapor
298.00	56.000	3.8746	0.25809	10.670	12.115	47.146	19.130	86.586	149.04	1.3668	31.927	0.012142	vapor
298.00	56.583	3.9670	0.25208	10.618	12.045	46.860	19.325	90.567	148.53	1.3530	32.205	0.012444	vapor
298.00	57.167	4.0635	0.24610	10.565	11.972	46.567	19.530	94.968	148.00	1.3385	32.499	0.012768	vapor
298.00	57.750	4.1644	0.24013	10.510	11.896	46.266	19.745	99.857	147.46	1.3233	32.810	0.013114	vapor
298.00	58.333	4.2703	0.23418	10.452	11.818	45.955	19.971	105.32	146.91	1.3074	33.141	0.013487	vapor
298.00	58.917	4.3818	0.22822	10.391	11.736	45.635	20.209	111.46	146.33	1.2907	33.495	0.013889	vapor
298.00	58.917	4.3818	0.22822	10.391	11.736	45.635	20.209	111.46	146.33	1.2907	33.495	0.013889	supercritical
298.00	58.917	4.3818	0.22822	10.391	11.736	45.635	20.209	111.46	146.33	1.2907	33.495	0.013889	supercritical
298.00	59.500	4.4994	0.22225	10.327	11.650	45.302	20.461	118.42	145.74	1.2731	33.875	0.014324	supercritical
298.00	60.083	4.6242	0.21626	10.260	11.560	44.957	20.728	126.35	145.13	1.2544	34.284	0.014797	supercritical
298.00	60.667	4.7569	0.21022	10.189	11.465	44.597	21.010	135.47	144.50	1.2347	34.728	0.015312	supercritical
298.00	61.250	4.8990	0.20412	10.114	11.364	44.219	21.310	146.05	143.85	1.2136	35.212	0.015875	supercritical
298.00	61.833	5.0518	0.19795	10.033	11.257	43.822	21.630	158.46	143.18	1.1911	35.743	0.016495	supercritical
298.00	62.417	5.2172	0.19167	9.9472	11.144	43.401	21.970	173.16	142.49	1.1669	36.332	0.017181	supercritical
298.00	63.000	5.3976	0.18527	9.8541	11.021	42.954	22.332	190.77	141.77	1.1408	36.990	0.017943	supercritical
298.00	63.583	5.5960	0.17870	9.7529	10.889	42.475	22.718	212.12	141.03	1.1125	37.733	0.018794	supercritical
298.00	64.167	5.8162	0.17193	9.6421	10.745	41.958	23.126	238.25	140.29	1.0816	38.583	0.019748	supercritical
298.00	64.750	6.0630	0.16494	9.5198	10.588	41.396	23.555	270.40	139.54	1.0476	39.568	0.020818	supercritical
298.00	65.333	6.3422	0.15767	9.3839	10.414	40.782	23.996	309.78	138.83	1.0101	40.727	0.022011	supercritical
298.00	65.917	6.6603	0.15014	9.2324	10.222	40.108	24.430	356.73	138.20	0.96858	42.107	0.023310	supercritical
298.00	66.500	7.0229	0.14239	9.0642	10.011	39.371	24.825	408.91	137.76	0.92302	43.761	0.024660	supercritical
298.00	67.083	7.4303	0.13458	8.8806	9.7834	38.580	25.125	458.58	137.68	0.87392	45.730	0.025937	supercritical
298.00	67.667	7.8731	0.12702	8.6877	9.5471	37.761	25.265	492.86	138.18	0.82284	48.013	0.026980	supercritical
298.00	68.250	8.3294	0.12006	8.4955	9.3149	36.958	25.202	501.01	139.49	0.77206	50.534	0.027683	supercritical
298.00	68.833	8.7724	0.11399	8.3149	9.0995	36.212	24.944	482.89	141.71	0.72366	53.159	0.028059	supercritical
298.00	69.417	9.1806	0.10893	8.1527	8.9088	35.551	24.552	447.45	144.77	0.67896	55.744	0.028202	supercritical
298.00	70.000	9.5433	0.10479	8.0114	8.7449	34.980	24.096	405.31	148.46	0.63850	58.186	0.028215	supercritical
298.00	70.583	9.8596	0.10142	7.8899	8.6058	34.493	23.632	364.01	152.52	0.60233	60.434	0.028171	supercritical
298.00	71.167	10.134	0.098681	7.7855	8.4878	34.077	23.191	327.25	156.75	0.57020	62.477	0.028115	supercritical
298.00	71.750	10.372	0.096412	7.6951	8.3869	33.719	22.786	295.98	160.98	0.54170	64.329	0.028067	supercritical
298.00	72.333	10.581	0.094508	7.6161	8.2997	33.408	22.421	269.90	165.14	0.51635	66.012	0.028035	supercritical
298.00	72.917	10.766	0.092885	7.5462	8.2235	33.134	22.092	248.22	169.18	0.49373	67.550	0.028020	supercritical
298.00	73.500	10.931	0.091481	7.4837	8.1561	32.890	21.798	230.13	173.08	0.47342	68.964	0.028018	supercritical
298.00	74.083	11.080	0.090251	7.4273	8.0959	32.670	21.533	214.93	176.83	0.45508	70.272	0.028029	supercritical
298.00	74.667	11.216	0.089161	7.3759	8.0416	32.470	21.293	202.03	180.43	0.43843	71.490	0.028049	supercritical
298.00	75.250	11.340	0.088185	7.3287	7.9923	32.287	21.076	190.98	183.88	0.42323	72.631	0.028076	supercritical
298.00	75.833	11.454	0.087304	7.2851	7.9471	32.119	20.879	181.44	187.20	0.40929	73.703	0.028109	supercritical
298.00	76.417	11.561	0.086501	7.2445	7.9055	31.962	20.698	173.11	190.40	0.39644	74.717	0.028147	supercritical
298.00	77.000	11.660	0.085766	7.2065	7.8669	31.816	20.532	165.80	193.47	0.38455	75.679	0.028188	supercritical
298.00	77.583	11.753	0.085088	7.1708	7.8310	31.678	20.379	159.32	196.43	0.37350	76.595	0.028231	supercritical
298.00	78.167	11.840	0.084460	7.1372	7.7974	31.549	20.238	153.54	199.29	0.36319	77.470	0.028276	supercritical
298.00	78.750	11.922	0.083875	7.1053	7.7658	31.427	20.107	148.36	202.05	0.35354	78.308	0.028323	supercritical
298.00	79.333	12.001	0.083329	7.0750	7.7361	31.311	19.985	143.68	204.72	0.34448	79.113	0.028371	supercritical
298.00	79.917	12.075	0.082816	7.0462	7.7080	31.200	19.871	139.44	207.31	0.33596	79.888	0.028420	supercritical
298.00	80.500	12.146	0.082333	7.0186	7.6814	31.095	19.765	135.57	209.82	0.32792	80.635	0.028469	supercritical
298.00	81.083	12.214	0.081876	6.9922	7.6561	30.994	19.665	132.03	212.25	0.32031	81.358	0.028519	supercritical
298.00	81.667	12.278	0.081444	6.9669	7.6320	30.897	19.572	128.78	214.61	0.31310	82.058	0.028569	supercritical
298.00	82.250	12.341	0.081033	6.9425	7.6090	30.804	19.483	125.78	216.91	0.30624	82.736	0.028619	supercritical
298.00	82.833	12.400	0.080643	6.9191	7.5871	30.714	19.400	123.00	219.15	0.29972	83.395	0.028669	supercritical
298.00	83.417	12.458	0.080270	6.8964	7.5660	30.628	19.322	120.41	221.33	0.29351	84.036	0.028719	supercritical
298.00	84.000	12.513	0.079914	6.8745	7.5458	30.544	19.247	118.01	223.45	0.28757	84.660	0.028769	supercritical
298.00	84.583	12.567	0.079573	6.8533	7.5264	30.464	19.177	115.76	225.53	0.28189	85.268	0.028818	supercritical
298.00	85.167	12.619	0.079246	6.8328	7.5077	30.385	19.110	113.66	227.55	0.27645	85.862	0.028868	supercritical
298.00	85.750	12.669	0.078931	6.8129	7.4897	30.309	19.046	111.68	229.53	0.27123	86.441	0.028918	supercritical
298.00	86.333	12.718	0.078629	6.7935	7.4724	30.236	18.986	109.83	231.46	0.26622	87.008	0.028967	supercritical
298.00	86.917	12.765	0.078338	6.7747	7.4556	30.164	18.928	108.08	233.35	0.26140	87.563	0.029016	supercritical
298.00	87.500	12.811	0.078057	6.7564	7.4394	30.094	18.873	106.42	235.20	0.25676	88.106	0.029065	supercritical
298.00	88.083	12.856	0.077786	6.7385	7.4237	30.027	18.820	104.86	237.01	0.25229	88.639	0.029114	supercritical
298.00	88.667	12.899	0.077524	6.7211	7.4085	29.960	18.770	103.37	238.79	0.24798	89.161	0.029162	supercritical
298.00	89.250	12.942	0.077270	6.7042	7.3938	29.896	18.722	101.96	240.53	0.24381	89.673	0.029210	supercritical
298.00	89.833	12.983	0.077024	6.6876	7.3795	29.833	18.676	100.62	242.24	0.23979	90.176	0.029259	supercritical
298.00	90.417	13.023	0.076786	6.6714	7.3656	29.771	18.632	99.344	243.91	0.23590	90.670	0.029306	supercritical
298.00	91.000	13.063	0.076554	6.6555	7.3522	29.711	18.590	98.127	245.56	0.23213	91.156	0.029354	supercritical
298.00	91.583	13.101	0.076330	6.6400	7.3391	29.652	18.549	96.964	247.17	0.22848	91.634	0.029402	supercritical
298.00	92.167	13.139	0.076111	6.6248	7.3263	29.594	18.510	95.852	248.76	0.22494	92.105	0.029449	supercritical
298.00	92.750	13.175	0.075899	6.6099	7.3139	29.538	18.473	94.788	250.32	0.22150	92.568	0.029496	supercritical
298.00	93.333	13.211	0.075692	6.5953	7.3018	29.482	18.437	93.768	251.85	0.21817	93.024	0.029543	supercritical
298.00	93.917	13.247	0.075490	6.5810	7.2900	29.428	18.402	92.790	253.36	0.21493	93.473	0.029589	supercritical
298.00	94.500	13.281	0.075294	6.5670	7.2785	29.375	18.369	91.850	254.85	0.21178	93.916	0.029636	supercritical
298.00	95.083	13.315	0.075103	6.5532	7.2673	29.322	18.336	90.947	256.31	0.20872	94.353	0.029682	supercritical
298.00	95.667	13.348	0.074916	6.5397	7.2564	29.271	18.305	90.078	257.75	0.20573	94.784	0.029729	supercritical
298.00	96.250	13.381	0.074733	6.5264	7.2457	29.221	18.275	89.241	259.16	0.20283	95.210	0.029775	supercritical
298.00	96.833	13.413	0.074555	6.5133	7.2353	29.171	18.246	88.434	260.56	0.20000	95.629	0.029820	supercritical
298.00	97.417	13.444	0.074380	6.5005	7.2251	29.122	18.218	87.656	261.94	0.19725	96.044	0.029866	supercritical
298.00	98.000	13.475	0.074210	6.4878	7.2151	29.074	18.191	86.905	263.29	0.19456	96.453	0.029912	supercritical
298.00	98.583	13.506	0.074043	6.4754	7.2053	29.027	18.165	86.180	264.63	0.19193	96.858	0.029957	supercritical
298.00	99.167	13.535	0.073880	6.4631	7.1958	28.980	18.140	85.478	265.95	0.18937	97.258	0.030003	supercritical
298.00	99.750	13.565	0.073720	6.4511	7.1864	28.935	18.116	84.799	267.25	0.18687	97.653	0.030048	supercritical
298.00	100.33	13.594	0.073563	6.4392	7.1773	28.889	18.092	84.142	268.53	0.18443	98.044	0.030093	supercritical
298.00	100.92	13.622	0.073410	6.4275	7.1683	28.845	18.069	83.506	269.80	0.18204	98.431	0.030138	supercritical
298.00	101.50	13.650	0.073259	6.4160	7.1596	28.801	18.047	82.889	271.05	0.17970	98.813	0.030183	supercritical
298.00	102.08	13.678	0.073112	6.4046	7.1510	28.758	18.026	82.290	272.29	0.17742	99.192	0.030227	supercritical
298.00	102.67	13.705	0.072967	6.3934	7.1425	28.715	18.005	81.710	273.51	0.17518	99.566	0.030272	supercritical
298.00	103.25	13.732	0.072825	6.3823	7.1343	28.673	17.985	81.146	274.71	0.17299	99.937	0.030316	supercritical
298.00	103.83	13.758	0.072685	6.3714	7.1261	28.632	17.965	80.598	275.90	0.17085	100.30	0.030361	supercritical
298.00	104.42	13.784	0.072548	6.3607	7.1182	28.591	17.946	80.066	277.08	0.16875	100.67	0.030405	supercritical
298.00	105.00	13.810	0.072413	6.3500	7.1104	28.551	17.928	79.548	278.24	0.16670	101.03	0.030449	supercritical
298.00	105.58	13.835	0.072281	6.3396	7.1027	28.511	17.910	79.045	279.39	0.16468	101.38	0.030493	supercritical
298.00	106.17	13.860	0.072151	6.3292	7.0952	28.471	17.893	78.554	280.53	0.16271	101.74	0.030537	supercritical
298.00	106.75	13.885	0.072023	6.3190	7.0878	28.432	17.876	78.077	281.66	0.16077	102.09	0.030581	supercritical
298.00	107.33	13.909	0.071897	6.3089	7.0805	28.394	17.859	77.612	282.77	0.15887	102.44	0.030625	supercritical
298.00	107.92	13.933	0.071773	6.2989	7.0734	28.356	17.844	77.159	283.87	0.15700	102.78	0.030668	supercritical
298.00	108.50	13.957	0.071651	6.2890	7.0664	28.318	17.828	76.717	284.96	0.15517	103.12	0.030712	supercritical
298.00	109.08	13.980	0.071531	6.2792	7.0595	28.281	17.813	76.286	286.03	0.15338	103.46	0.030755	supercritical
298.00	109.67	14.003	0.071413	6.2696	7.0528	28.245	17.798	75.865	287.10	0.15161	103.80	0.030799	supercritical
298.00	110.25	14.026	0.071297	6.2601	7.0461	28.208	17.784	75.454	288.16	0.14988	104.13	0.030842	supercritical
298.00	110.83	14.048	0.071182	6.2506	7.0396	28.172	17.770	75.053	289.20	0.14818	104.46	0.030886	supercritical
298.00	111.42	14.071	0.071070	6.2413	7.0331	28.137	17.757	74.662	290.24	0.14650	104.79	0.030929	supercritical
298.00	112.00	14.093	0.070958	6.2321	7.0268	28.102	17.744	74.279	291.26	0.14486	105.11	0.030972	supercritical
298.00	112.58	14.115	0.070849	6.2229	7.0206	28.067	17.731	73.905	292.27	0.14324	105.44	0.031015	supercritical
298.00	113.17	14.136	0.070741	6.2139	7.0145	28.033	17.719	73.539	293.28	0.14165	105.76	0.031058	supercritical
298.00	113.75	14.157	0.070634	6.2050	7.0084	27.999	17.707	73.181	294.28	0.14009	106.07	0.031101	supercritical
298.00	114.33	14.179	0.070529	6.1961	7.0025	27.965	17.695	72.831	295.26	0.13855	106.39	0.031144	supercritical
298.00	114.92	14.199	0.070425	6.1873	6.9966	27.931	17.683	72.489	296.24	0.13704	106.70	0.031186	supercritical
298.00	115.50	14.220	0.070323	6.1787	6.9909	27.898	17.672	72.153	297.21	0.13555	107.01	0.031229	supercritical
298.00	116.08	14.240	0.070222	6.1701	6.9852	27.866	17.661	71.825	298.17	0.13408	107.32	0.031272	supercritical
298.00	116.67	14.261	0.070123	6.1616	6.9797	27.833	17.651	71.503	299.12	0.13264	107.63	0.031314	supercritical
298.00	117.25	14.281	0.070024	6.1531	6.9742	27.801	17.640	71.188	300.06	0.13122	107.94	0.031357	supercritical
298.00	117.83	14.301	0.069927	6.1448	6.9688	27.769	17.630	70.879	301.00	0.12982	108.24	0.031399	supercritical
298.00	118.42	14.320	0.069832	6.1365	6.9634	27.738	17.621	70.576	301.93	0.12844	108.54	0.031441	supercritical
298.00	119.00	14.340	0.069737	6.1283	6.9582	27.706	17.611	70.279	302.85	0.12708	108.84	0.031484	supercritical
298.00	119.58	14.359	0.069644	6.1202	6.9530	27.675	17.602	69.988	303.76	0.12574	109.14	0.031526	supercritical
298.00	120.17	14.378	0.069551	6.1121	6.9479	27.645	17.593	69.702	304.66	0.12442	109.43	0.031568	supercritical
298.00	120.75	14.397	0.069460	6.1042	6.9429	27.614	17.584	69.422	305.56	0.12312	109.73	0.031610	supercritical
298.00	121.33	14.415	0.069370	6.0963	6.9379	27.584	17.575	69.147	306.45	0.12184	110.02	0.031652	supercritical
298.00	121.92	14.434	0.069281	6.0884	6.9331	27.554	17.567	68.877	307.33	0.12058	110.31	0.031694	supercritical
298.00	122.50	14.452	0.069193	6.0806	6.9283	27.524	17.558	68.611	308.21	0.11933	110.60	0.031736	supercritical
298.00	123.08	14.471	0.069106	6.0729	6.9235	27.495	17.550	68.351	309.08	0.11810	110.88	0.031778	supercritical
298.00	123.67	14.489	0.069020	6.0653	6.9188	27.466	17.542	68.095	309.94	0.11689	111.17	0.031820	supercritical
298.00	124.25	14.506	0.068935	6.0577	6.9142	27.437	17.535	67.844	310.80	0.11570	111.45	0.031861	supercritical
298.00	124.83	14.524	0.068851	6.0502	6.9097	27.408	17.527	67.597	311.65	0.11452	111.73	0.031903	supercritical
298.00	125.42	14.542	0.068768	6.0427	6.9052	27.379	17.520	67.354	312.49	0.11335	112.01	0.031945	supercritical
298.00	126.00	14.559	0.068685	6.0353	6.9008	27.351	17.513	67.116	313.33	0.11220	112.29	0.031986	supercritical
298.00	126.58	14.576	0.068604	6.0280	6.8964	27.323	17.506	66.881	314.16	0.11107	112.57	0.032028	supercritical
298.00	127.17	14.594	0.068523	6.0207	6.8921	27.295	17.499	66.650	314.99	0.10995	112.84	0.032069	supercritical
298.00	127.75	14.611	0.068444	6.0135	6.8879	27.268	17.492	66.423	315.81	0.10885	113.12	0.032110	supercritical
298.00	128.33	14.627	0.068365	6.0063	6.8837	27.240	17.486	66.200	316.62	0.10776	113.39	0.032152	supercritical
298.00	128.92	14.644	0.068287	5.9992	6.8795	27.213	17.480	65.980	317.43	0.10668	113.66	0.032193	supercritical
298.00	129.50	14.661	0.068210	5.9921	6.8755	27.186	17.474	65.764	318.23	0.10562	113.93	0.032234	supercritical
298.00	130.08	14.677	0.068133	5.9851	6.8714	27.159	17.467	65.552	319.03	0.10456	114.20	0.032275	supercritical
298.00	130.67	14.693	0.068058	5.9782	6.8675	27.132	17.462	65.342	319.82	0.10353	114.47	0.032316	supercritical
298.00	131.25	14.710	0.067983	5.9713	6.8635	27.106	17.456	65.136	320.61	0.10250	114.73	0.032357	supercritical
298.00	131.83	14.726	0.067909	5.9644	6.8597	27.080	17.450	64.933	321.39	0.10149	115.00	0.032398	supercritical
298.00	132.42	14.742	0.067835	5.9576	6.8559	27.053	17.445	64.733	322.16	0.10049	115.26	0.032439	supercritical
298.00	133.00	14.757	0.067762	5.9508	6.8521	27.028	17.439	64.536	322.94	0.099498	115.52	0.032480	supercritical
298.00	133.58	14.773	0.067690	5.9441	6.8484	27.002	17.434	64.342	323.70	0.098521	115.78	0.032521	supercritical
298.00	134.17	14.789	0.067619	5.9375	6.8447	26.976	17.429	64.151	324.46	0.097554	116.04	0.032561	supercritical
298.00	134.75	14.804	0.067548	5.9309	6.8411	26.951	17.424	63.963	325.22	0.096599	116.30	0.032602	supercritical
298.00	135.33	14.820	0.067478	5.9243	6.8375	26.926	17.419	63.777	325.97	0.095655	116.56	0.032642	supercritical
298.00	135.92	14.835	0.067409	5.9177	6.8339	26.900	17.414	63.594	326.72	0.094721	116.82	0.032683	supercritical
298.00	136.50	14.850	0.067340	5.9113	6.8305	26.876	17.410	63.414	327.46	0.093798	117.07	0.032723	supercritical
298.00	137.08	14.865	0.067272	5.9048	6.8270	26.851	17.405	63.236	328.20	0.092885	117.32	0.032764	supercritical
298.00	137.67	14.880	0.067204	5.8984	6.8236	26.826	17.401	63.060	328.94	0.091982	117.58	0.032804	supercritical
298.00	138.25	14.895	0.067137	5.8921	6.8202	26.802	17.396	62.888	329.66	0.091089	117.83	0.032844	supercritical
298.00	138.83	14.910	0.067071	5.8857	6.8169	26.778	17.392	62.717	330.39	0.090206	118.08	0.032885	supercritical
298.00	139.42	14.924	0.067005	5.8795	6.8136	26.753	17.388	62.549	331.11	0.089333	118.33	0.032925	supercritical
298.00	140.00	14.939	0.066940	5.8732	6.8104	26.729	17.384	62.383	331.83	0.088468	118.58	0.032965	supercritical
298.00	140.58	14.953	0.066876	5.8670	6.8072	26.706	17.380	62.219	332.54	0.087613	118.82	0.033005	supercritical
298.00	141.17	14.967	0.066812	5.8609	6.8040	26.682	17.376	62.058	333.25	0.086767	119.07	0.033045	supercritical
298.00	141.75	14.982	0.066748	5.8548	6.8009	26.658	17.372	61.898	333.95	0.085929	119.32	0.033085	supercritical
298.00	142.33	14.996	0.066685	5.8487	6.7978	26.635	17.369	61.741	334.65	0.085101	119.56	0.033125	supercritical
298.00	142.92	15.010	0.066623	5.8426	6.7948	26.612	17.365	61.585	335.35	0.084281	119.80	0.033165	supercritical
298.00	143.50	15.024	0.066561	5.8366	6.7918	26.589	17.362	61.432	336.04	0.083469	120.05	0.033204	supercritical
298.00	144.08	15.038	0.066499	5.8307	6.7888	26.566	17.358	61.281	336.73	0.082666	120.29	0.033244	supercritical
298.00	144.67	15.052	0.066438	5.8247	6.7859	26.543	17.355	61.131	337.42	0.081870	120.53	0.033284	supercritical
298.00	145.25	15.065	0.066378	5.8188	6.7830	26.520	17.352	60.984	338.10	0.081083	120.77	0.033323	supercritical
298.00	145.83	15.079	0.066318	5.8130	6.7801	26.497	17.348	60.838	338.78	0.080303	121.01	0.033363	supercritical
298.00	146.42	15.092	0.066259	5.8071	6.7773	26.475	17.345	60.694	339.45	0.079531	121.24	0.033402	supercritical
298.00	147.00	15.106	0.066200	5.8013	6.7745	26.452	17.342	60.552	340.13	0.078767	121.48	0.033442	supercritical
298.00	147.58	15.119	0.066141	5.7956	6.7717	26.430	17.339	60.411	340.79	0.078010	121.72	0.033481	supercritical
298.00	148.17	15.132	0.066083	5.7898	6.7690	26.408	17.336	60.272	341.46	0.077261	121.95	0.033520	supercritical
298.00	148.75	15.146	0.066025	5.7841	6.7663	26.386	17.334	60.135	342.12	0.076518	122.19	0.033560	supercritical
298.00	149.33	15.159	0.065968	5.7785	6.7636	26.364	17.331	60.000	342.78	0.075783	122.42	0.033599	supercritical
298.00	149.92	15.172	0.065911	5.7728	6.7610	26.343	17.328	59.866	343.43	0.075055	122.65	0.033638	supercritical
298.00	150.50	15.185	0.065855	5.7672	6.7584	26.321	17.326	59.733	344.08	0.074333	122.88	0.033677	supercritical
298.00	151.08	15.198	0.065799	5.7617	6.7558	26.299	17.323	59.603	344.73	0.073619	123.11	0.033716	supercritical
298.00	151.67	15.211	0.065744	5.7561	6.7532	26.278	17.320	59.473	345.37	0.072911	123.34	0.033755	supercritical
298.00	152.25	15.223	0.065689	5.7506	6.7507	26.257	17.318	59.345	346.01	0.072209	123.57	0.033794	supercritical
298.00	152.83	15.236	0.065634	5.7451	6.7482	26.235	17.316	59.219	346.65	0.071514	123.80	0.033833	supercritical
298.00	153.42	15.249	0.065580	5.7397	6.7458	26.214	17.313	59.094	347.29	0.070825	124.03	0.033871	supercritical
298.00	154.00	15.261	0.065526	5.7343	6.7434	26.193	17.311	58.971	347.92	0.070143	124.26	0.033910	supercritical
298.00	154.58	15.274	0.065472	5.7289	6.7410	26.173	17.309	58.848	348.55	0.069466	124.48	0.033949	supercritical
298.00	155.17	15.286	0.065419	5.7235	6.7386	26.152	17.307	58.728	349.17	0.068796	124.71	0.033987	supercritical
298.00	155.75	15.298	0.065366	5.7182	6.7362	26.131	17.305	58.608	349.80	0.068132	124.93	0.034026	supercritical
298.00	156.33	15.311	0.065314	5.7129	6.7339	26.111	17.303	58.490	350.42	0.067473	125.15	0.034064	supercritical
298.00	156.92	15.323	0.065262	5.7076	6.7316	26.090	17.301	58.373	351.04	0.066820	125.38	0.034103	supercritical
298.00	157.50	15.335	0.065210	5.7023	6.7294	26.070	17.299	58.257	351.65	0.066173	125.60	0.034141	supercritical
298.00	158.08	15.347	0.065159	5.6971	6.7271	26.049	17.297	58.143	352.26	0.065532	125.82	0.034179	supercritical
298.00	158.67	15.359	0.065108	5.6919	6.7249	26.029	17.295	58.029	352.87	0.064896	126.04	0.034217	supercritical
298.00	159.25	15.371	0.065058	5.6867	6.7227	26.009	17.293	57.917	353.48	0.064266	126.26	0.034256	supercritical
298.00	159.83	15.383	0.065007	5.6816	6.7206	25.989	17.291	57.806	354.08	0.063641	126.48	0.034294	supercritical
298.00	160.42	15.395	0.064958	5.6764	6.7185	25.969	17.290	57.697	354.68	0.063021	126.70	0.034332	supercritical
298.00	161.00	15.406	0.064908	5.6713	6.7163	25.950	17.288	57.588	355.28	0.062407	126.92	0.034370	supercritical
298.00	161.58	15.418	0.064859	5.6663	6.7143	25.930	17.286	57.481	355.88	0.061797	127.14	0.034408	supercritical
298.00	162.17	15.430	0.064810	5.6612	6.7122	25.910	17.285	57.374	356.47	0.061193	127.35	0.034445	supercritical
298.00	162.75	15.441	0.064761	5.6562	6.7102	25.891	17.283	57.269	357.06	0.060594	127.57	0.034483	supercritical
298.00	163.33	15.453	0.064713	5.6512	6.7082	25.871	17.282	57.165	357.65	0.059999	127.79	0.034521	supercritical
298.00	163.92	15.464	0.064665	5.6462	6.7062	25.852	17.280	57.061	358.23	0.059410	128.00	0.034559	supercritical
298.00	164.50	15.476	0.064617	5.6412	6.7042	25.833	17.279	56.959	358.82	0.058825	128.21	0.034596	supercritical
298.00	165.08	15.487	0.064570	5.6363	6.7023	25.814	17.278	56.858	359.40	0.058245	128.43	0.034634	supercritical
298.00	165.67	15.498	0.064523	5.6314	6.7003	25.795	17.276	56.758	359.98	0.057670	128.64	0.034671	supercritical
298.00	166.25	15.510	0.064476	5.6265	6.6984	25.776	17.275	56.659	360.55	0.057099	128.85	0.034709	supercritical
298.00	166.83	15.521	0.064430	5.6217	6.6966	25.757	17.274	56.560	361.13	0.056533	129.06	0.034746	supercritical
298.00	167.42	15.532	0.064384	5.6168	6.6947	25.738	17.273	56.463	361.70	0.055971	129.28	0.034783	supercritical
298.00	168.00	15.543	0.064338	5.6120	6.6929	25.719	17.271	56.367	362.27	0.055414	129.49	0.034821	supercritical
298.00	168.58	15.554	0.064292	5.6072	6.6911	25.700	17.270	56.271	362.83	0.054861	129.70	0.034858	supercritical
298.00	169.17	15.565	0.064247	5.6024	6.6893	25.682	17.269	56.177	363.40	0.054313	129.91	0.034895	supercritical
298.00	169.75	15.576	0.064202	5.5977	6.6875	25.663	17.268	56.083	363.96	0.053768	130.11	0.034932	supercritical
298.00	170.33	15.587	0.064157	5.5929	6.6858	25.645	17.267	55.990	364.52	0.053228	130.32	0.034969	supercritical
298.00	170.92	15.598	0.064112	5.5882	6.6840	25.626	17.266	55.898	365.08	0.052692	130.53	0.035006	supercritical
298.00	171.50	15.608	0.064068	5.5835	6.6823	25.608	17.265	55.807	365.63	0.052160	130.74	0.035043	supercritical
298.00	172.08	15.619	0.064024	5.5789	6.6806	25.590	17.264	55.717	366.19	0.051632	130.94	0.035080	supercritical
298.00	172.67	15.630	0.063981	5.5742	6.6790	25.572	17.263	55.627	366.74	0.051109	131.15	0.035117	supercritical
298.00	173.25	15.640	0.063937	5.5696	6.6773	25.554	17.263	55.539	367.29	0.050589	131.35	0.035153	supercritical
298.00	173.83	15.651	0.063894	5.5650	6.6757	25.536	17.262	55.451	367.83	0.050073	131.56	0.035190	supercritical
298.00	174.42	15.661	0.063851	5.5604	6.6741	25.518	17.261	55.364	368.38	0.049560	131.76	0.035227	supercritical
298.00	175.00	15.672	0.063808	5.5558	6.6725	25.500	17.260	55.278	368.92	0.049052	131.97	0.035263	supercritical
298.00	175.58	15.682	0.063766	5.5513	6.6709	25.482	17.259	55.192	369.46	0.048547	132.17	0.035300	supercritical
298.00	176.17	15.693	0.063724	5.5468	6.6694	25.465	17.259	55.107	370.00	0.048046	132.37	0.035336	supercritical
298.00	176.75	15.703	0.063682	5.5422	6.6678	25.447	17.258	55.023	370.54	0.047549	132.58	0.035372	supercritical
298.00	177.33	15.713	0.063640	5.5378	6.6663	25.429	17.257	54.940	371.07	0.047055	132.78	0.035409	supercritical
298.00	177.92	15.724	0.063599	5.5333	6.6648	25.412	17.257	54.858	371.61	0.046565	132.98	0.035445	supercritical
298.00	178.50	15.734	0.063557	5.5288	6.6633	25.395	17.256	54.776	372.14	0.046079	133.18	0.035481	supercritical
298.00	179.08	15.744	0.063516	5.5244	6.6619	25.377	17.256	54.695	372.67	0.045595	133.38	0.035517	supercritical
298.00	179.67	15.754	0.063475	5.5200	6.6604	25.360	17.255	54.614	373.20	0.045116	133.58	0.035553	supercritical
298.00	180.25	15.764	0.063435	5.5156	6.6590	25.343	17.255	54.534	373.72	0.044639	133.78	0.035589	supercritical
298.00	180.83	15.774	0.063395	5.5112	6.6576	25.326	17.254	54.455	374.24	0.044167	133.98	0.035625	supercritical
298.00	181.42	15.784	0.063354	5.5068	6.6562	25.308	17.254	54.377	374.77	0.043697	134.17	0.035661	supercritical
298.00	182.00	15.794	0.063315	5.5025	6.6548	25.291	17.253	54.299	375.29	0.043231	134.37	0.035697	supercritical
298.00	182.58	15.804	0.063275	5.4981	6.6534	25.275	17.253	54.222	375.80	0.042768	134.57	0.035733	supercritical
298.00	183.17	15.814	0.063235	5.4938	6.6521	25.258	17.252	54.146	376.32	0.042308	134.77	0.035768	supercritical
298.00	183.75	15.824	0.063196	5.4895	6.6508	25.241	17.252	54.070	376.84	0.041851	134.96	0.035804	supercritical
298.00	184.33	15.834	0.063157	5.4853	6.6495	25.224	17.252	53.994	377.35	0.041397	135.16	0.035840	supercritical
298.00	184.92	15.843	0.063118	5.4810	6.6482	25.207	17.251	53.920	377.86	0.040947	135.35	0.035875	supercritical
298.00	185.50	15.853	0.063080	5.4768	6.6469	25.191	17.251	53.846	378.37	0.040499	135.55	0.035911	supercritical
298.00	186.08	15.863	0.063041	5.4725	6.6456	25.174	17.251	53.772	378.88	0.040055	135.74	0.035946	supercritical
298.00	186.67	15.872	0.063003	5.4683	6.6444	25.158	17.250	53.700	379.38	0.039614	135.94	0.035982	supercritical
298.00	187.25	15.882	0.062965	5.4641	6.6431	25.141	17.250	53.627	379.89	0.039175	136.13	0.036017	supercritical
298.00	187.83	15.891	0.062927	5.4599	6.6419	25.125	17.250	53.556	380.39	0.038740	136.32	0.036052	supercritical
298.00	188.42	15.901	0.062889	5.4558	6.6407	25.108	17.250	53.485	380.89	0.038307	136.52	0.036087	supercritical
298.00	189.00	15.910	0.062852	5.4516	6.6395	25.092	17.250	53.414	381.39	0.037877	136.71	0.036122	supercritical
298.00	189.58	15.920	0.062815	5.4475	6.6384	25.076	17.249	53.344	381.89	0.037450	136.90	0.036157	supercritical
298.00	190.17	15.929	0.062777	5.4434	6.6372	25.060	17.249	53.275	382.38	0.037026	137.09	0.036192	supercritical
298.00	190.75	15.939	0.062741	5.4393	6.6361	25.043	17.249	53.206	382.88	0.036605	137.28	0.036227	supercritical
298.00	191.33	15.948	0.062704	5.4352	6.6349	25.027	17.249	53.137	383.37	0.036186	137.47	0.036262	supercritical
298.00	191.92	15.957	0.062667	5.4311	6.6338	25.011	17.249	53.069	383.86	0.035770	137.66	0.036297	supercritical
298.00	192.50	15.967	0.062631	5.4271	6.6327	24.995	17.249	53.002	384.35	0.035357	137.85	0.036332	supercritical
298.00	193.08	15.976	0.062595	5.4230	6.6316	24.980	17.249	52.935	384.84	0.034946	138.04	0.036367	supercritical
298.00	193.67	15.985	0.062559	5.4190	6.6305	24.964	17.249	52.869	385.33	0.034538	138.23	0.036401	supercritical
298.00	194.25	15.994	0.062523	5.4150	6.6295	24.948	17.249	52.803	385.81	0.034133	138.42	0.036436	supercritical
298.00	194.83	16.003	0.062487	5.4110	6.6284	24.932	17.249	52.738	386.30	0.033730	138.61	0.036471	supercritical
298.00	195.42	16.012	0.062452	5.4070	6.6274	24.916	17.249	52.673	386.78	0.033330	138.79	0.036505	supercritical
298.00	196.00	16.021	0.062417	5.4030	6.6264	24.901	17.249	52.608	387.26	0.032932	138.98	0.036540	supercritical
298.00	196.58	16.030	0.062382	5.3991	6.6254	24.885	17.249	52.545	387.74	0.032537	139.17	0.036574	supercritical
298.00	197.17	16.039	0.062347	5.3951	6.6244	24.870	17.249	52.481	388.21	0.032144	139.36	0.036608	supercritical
298.00	197.75	16.048	0.062312	5.3912	6.6234	24.854	17.249	52.418	388.69	0.031754	139.54	0.036643	supercritical
298.00	198.33	16.057	0.062277	5.3873	6.6225	24.839	17.249	52.356	389.17	0.031366	139.73	0.036677	supercritical
298.00	198.92	16.066	0.062243	5.3834	6.6215	24.823	17.249	52.294	389.64	0.030981	139.91	0.036711	supercritical
298.00	199.50	16.075	0.062208	5.3795	6.6206	24.808	17.250	52.232	390.11	0.030597	140.10	0.036745	supercritical
298.00	200.08	16.084	0.062174	5.3756	6.6196	24.793	17.250	52.171	390.58	0.030217	140.28	0.036779	supercritical
298.00	200.67	16.093	0.062140	5.3718	6.6187	24.778	17.250	52.110	391.05	0.029838	140.47	0.036813	supercritical
298.00	201.25	16.101	0.062107	5.3679	6.6178	24.762	17.250	52.050	391.52	0.029462	140.65	0.036847	supercritical
298.00	201.83	16.110	0.062073	5.3641	6.6169	24.747	17.250	51.990	391.99	0.029088	140.83	0.036881	supercritical
298.00	202.42	16.119	0.062039	5.3603	6.6161	24.732	17.251	51.931	392.45	0.028716	141.02	0.036915	supercritical
298.00	203.00	16.127	0.062006	5.3565	6.6152	24.717	17.251	51.872	392.91	0.028347	141.20	0.036949	supercritical
298.00	203.58	16.136	0.061973	5.3527	6.6144	24.702	17.251	51.813	393.38	0.027979	141.38	0.036982	supercritical
298.00	204.17	16.145	0.061940	5.3489	6.6135	24.687	17.251	51.755	393.84	0.027614	141.56	0.037016	supercritical
298.00	204.75	16.153	0.061907	5.3451	6.6127	24.672	17.252	51.697	394.30	0.027251	141.74	0.037050	supercritical
298.00	205.33	16.162	0.061874	5.3414	6.6119	24.657	17.252	51.640	394.76	0.026891	141.93	0.037083	supercritical
298.00	205.92	16.170	0.061842	5.3376	6.6111	24.643	17.252	51.583	395.21	0.026532	142.11	0.037117	supercritical
298.00	206.50	16.179	0.061809	5.3339	6.6103	24.628	17.253	51.526	395.67	0.026176	142.29	0.037150	supercritical
298.00	207.08	16.187	0.061777	5.3302	6.6095	24.613	17.253	51.470	396.12	0.025821	142.47	0.037183	supercritical
298.00	207.67	16.196	0.061745	5.3265	6.6087	24.599	17.253	51.414	396.58	0.025469	142.65	0.037217	supercritical
298.00	208.25	16.204	0.061713	5.3228	6.6080	24.584	17.254	51.358	397.03	0.025118	142.83	0.037250	supercritical
298.00	208.83	16.213	0.061681	5.3191	6.6072	24.569	17.254	51.303	397.48	0.024770	143.01	0.037283	supercritical
298.00	209.42	16.221	0.061649	5.3154	6.6065	24.555	17.254	51.249	397.93	0.024424	143.18	0.037317	supercritical
298.00	210.00	16.229	0.061617	5.3118	6.6058	24.540	17.255	51.194	398.38	0.024079	143.36	0.037350	supercritical
298.00	210.58	16.237	0.061586	5.3081	6.6050	24.526	17.255	51.140	398.82	0.023737	143.54	0.037383	supercritical
298.00	211.17	16.246	0.061555	5.3045	6.6043	24.511	17.256	51.087	399.27	0.023396	143.72	0.037416	supercritical
298.00	211.75	16.254	0.061523	5.3009	6.6036	24.497	17.256	51.033	399.72	0.023058	143.90	0.037449	supercritical
298.00	212.33	16.262	0.061492	5.2973	6.6030	24.483	17.256	50.980	400.16	0.022721	144.07	0.037482	supercritical
298.00	212.92	16.270	0.061461	5.2937	6.6023	24.468	17.257	50.928	400.60	0.022387	144.25	0.037514	supercritical
298.00	213.50	16.279	0.061431	5.2901	6.6016	24.454	17.257	50.876	401.04	0.022054	144.43	0.037547	supercritical
298.00	214.08	16.287	0.061400	5.2865	6.6010	24.440	17.258	50.824	401.48	0.021723	144.60	0.037580	supercritical
298.00	214.67	16.295	0.061369	5.2830	6.6003	24.426	17.258	50.772	401.92	0.021394	144.78	0.037613	supercritical
298.00	215.25	16.303	0.061339	5.2794	6.5997	24.412	17.259	50.721	402.36	0.021066	144.96	0.037645	supercritical
298.00	215.83	16.311	0.061309	5.2759	6.5991	24.398	17.259	50.670	402.79	0.020741	145.13	0.037678	supercritical
298.00	216.42	16.319	0.061279	5.2723	6.5985	24.384	17.260	50.619	403.23	0.020417	145.31	0.037711	supercritical
298.00	217.00	16.327	0.061249	5.2688	6.5979	24.370	17.260	50.569	403.66	0.020095	145.48	0.037743	supercritical
298.00	217.58	16.335	0.061219	5.2653	6.5973	24.356	17.261	50.519	404.10	0.019775	145.65	0.037775	supercritical
298.00	218.17	16.343	0.061189	5.2618	6.5967	24.342	17.261	50.470	404.53	0.019456	145.83	0.037808	supercritical
298.00	218.75	16.351	0.061159	5.2583	6.5962	24.328	17.262	50.420	404.96	0.019140	146.00	0.037840	supercritical
298.00	219.33	16.359	0.061130	5.2548	6.5956	24.314	17.262	50.371	405.39	0.018825	146.18	0.037873	supercritical
298.00	219.92	16.367	0.061100	5.2514	6.5951	24.300	17.263	50.323	405.82	0.018511	146.35	0.037905	supercritical
298.00	220.50	16.374	0.061071	5.2479	6.5945	24.286	17.264	50.274	406.25	0.018200	146.52	0.037937	supercritical
298.00	221.08	16.382	0.061042	5.2445	6.5940	24.273	17.264	50.226	406.67	0.017890	146.69	0.037969	supercritical
298.00	221.67	16.390	0.061013	5.2410	6.5935	24.259	17.265	50.178	407.10	0.017582	146.87	0.038001	supercritical
298.00	222.25	16.398	0.060984	5.2376	6.5930	24.245	17.265	50.131	407.52	0.017275	147.04	0.038033	supercritical
298.00	222.83	16.406	0.060955	5.2342	6.5925	24.232	17.266	50.084	407.95	0.016970	147.21	0.038065	supercritical
298.00	223.42	16.413	0.060926	5.2308	6.5920	24.218	17.267	50.037	408.37	0.016666	147.38	0.038097	supercritical
298.00	224.00	16.421	0.060898	5.2274	6.5915	24.205	17.267	49.990	408.79	0.016365	147.55	0.038129	supercritical
298.00	224.58	16.429	0.060869	5.2240	6.5910	24.191	17.268	49.944	409.21	0.016064	147.72	0.038161	supercritical
298.00	225.17	16.436	0.060841	5.2206	6.5905	24.178	17.269	49.897	409.63	0.015766	147.89	0.038193	supercritical
298.00	225.75	16.444	0.060812	5.2173	6.5901	24.164	17.269	49.852	410.05	0.015469	148.07	0.038224	supercritical
298.00	226.33	16.452	0.060784	5.2139	6.5896	24.151	17.270	49.806	410.46	0.015173	148.24	0.038256	supercritical
298.00	226.92	16.459	0.060756	5.2106	6.5892	24.137	17.271	49.761	410.88	0.014879	148.40	0.038288	supercritical
298.00	227.50	16.467	0.060728	5.2072	6.5888	24.124	17.271	49.716	411.29	0.014587	148.57	0.038319	supercritical
298.00	228.08	16.474	0.060700	5.2039	6.5884	24.111	17.272	49.671	411.71	0.014295	148.74	0.038351	supercritical
298.00	228.67	16.482	0.060673	5.2006	6.5880	24.098	17.273	49.627	412.12	0.014006	148.91	0.038382	supercritical
298.00	229.25	16.489	0.060645	5.1973	6.5876	24.084	17.273	49.582	412.53	0.013718	149.08	0.038414	supercritical
298.00	229.83	16.497	0.060618	5.1940	6.5872	24.071	17.274	49.539	412.94	0.013431	149.25	0.038445	supercritical
298.00	230.42	16.504	0.060590	5.1907	6.5868	24.058	17.275	49.495	413.35	0.013146	149.42	0.038476	supercritical
298.00	231.00	16.512	0.060563	5.1874	6.5864	24.045	17.276	49.451	413.76	0.012863	149.59	0.038508	supercritical
298.00	231.58	16.519	0.060536	5.1841	6.5860	24.032	17.276	49.408	414.17	0.012580	149.75	0.038539	supercritical
298.00	232.17	16.527	0.060509	5.1809	6.5857	24.019	17.277	49.365	414.58	0.012299	149.92	0.038570	supercritical
298.00	232.75	16.534	0.060482	5.1776	6.5853	24.006	17.278	49.323	414.99	0.012020	150.09	0.038601	supercritical
298.00	233.33	16.541	0.060455	5.1744	6.5850	23.993	17.279	49.280	415.39	0.011742	150.25	0.038632	supercritical
298.00	233.92	16.549	0.060428	5.1711	6.5847	23.980	17.279	49.238	415.80	0.011465	150.42	0.038663	supercritical
298.00	234.50	16.556	0.060401	5.1679	6.5843	23.967	17.280	49.196	416.20	0.011190	150.59	0.038694	supercritical
298.00	235.08	16.563	0.060375	5.1647	6.5840	23.954	17.281	49.154	416.60	0.010916	150.75	0.038725	supercritical
298.00	235.67	16.571	0.060348	5.1615	6.5837	23.941	17.282	49.113	417.00	0.010644	150.92	0.038756	supercritical
298.00	236.25	16.578	0.060322	5.1583	6.5834	23.928	17.283	49.072	417.40	0.010373	151.08	0.038787	supercritical
298.00	236.83	16.585	0.060295	5.1551	6.5831	23.916	17.283	49.031	417.80	0.010103	151.25	0.038818	supercritical
298.00	237.42	16.592	0.060269	5.1519	6.5828	23.903	17.284	48.990	418.20	0.0098341	151.41	0.038849	supercritical
298.00	238.00	16.599	0.060243	5.1488	6.5825	23.890	17.285	48.949	418.60	0.0095669	151.58	0.038880	supercritical
298.00	238.58	16.607	0.060217	5.1456	6.5823	23.877	17.286	48.909	419.00	0.0093009	151.74	0.038910	supercritical
298.00	239.17	16.614	0.060191	5.1424	6.5820	23.865	17.287	48.869	419.39	0.0090363	151.91	0.038941	supercritical
298.00	239.75	16.621	0.060165	5.1393	6.5818	23.852	17.287	48.829	419.79	0.0087729	152.07	0.038971	supercritical
298.00	240.33	16.628	0.060140	5.1362	6.5815	23.840	17.288	48.789	420.18	0.0085108	152.24	0.039002	supercritical
298.00	240.92	16.635	0.060114	5.1330	6.5813	23.827	17.289	48.750	420.58	0.0082499	152.40	0.039032	supercritical
298.00	241.50	16.642	0.060089	5.1299	6.5810	23.814	17.290	48.710	420.97	0.0079904	152.56	0.039063	supercritical
298.00	242.08	16.649	0.060063	5.1268	6.5808	23.802	17.291	48.671	421.36	0.0077320	152.73	0.039093	supercritical
298.00	242.67	16.656	0.060038	5.1237	6.5806	23.789	17.292	48.633	421.75	0.0074749	152.89	0.039124	supercritical
298.00	243.25	16.663	0.060012	5.1206	6.5804	23.777	17.293	48.594	422.14	0.0072190	153.05	0.039154	supercritical
298.00	243.83	16.670	0.059987	5.1175	6.5802	23.765	17.293	48.556	422.53	0.0069643	153.21	0.039184	supercritical
298.00	244.42	16.677	0.059962	5.1144	6.5800	23.752	17.294	48.517	422.92	0.0067108	153.38	0.039214	supercritical
298.00	245.00	16.684	0.059937	5.1114	6.5798	23.740	17.295	48.479	423.31	0.0064585	153.54	0.039245	supercritical
298.00	245.58	16.691	0.059912	5.1083	6.5796	23.727	17.296	48.442	423.69	0.0062074	153.70	0.039275	supercritical
298.00	246.17	16.698	0.059887	5.1052	6.5795	23.715	17.297	48.404	424.08	0.0059574	153.86	0.039305	supercritical
298.00	246.75	16.705	0.059863	5.1022	6.5793	23.703	17.298	48.367	424.47	0.0057087	154.02	0.039335	supercritical
298.00	247.33	16.712	0.059838	5.0992	6.5791	23.691	17.299	48.330	424.85	0.0054611	154.18	0.039365	supercritical
298.00	247.92	16.719	0.059813	5.0961	6.5790	23.678	17.300	48.293	425.23	0.0052146	154.34	0.039395	supercritical
298.00	248.50	16.726	0.059789	5.0931	6.5789	23.666	17.301	48.256	425.62	0.0049693	154.50	0.039425	supercritical
298.00	249.08	16.732	0.059764	5.0901	6.5787	23.654	17.302	48.219	426.00	0.0047251	154.66	0.039455	supercritical
298.00	249.67	16.739	0.059740	5.0871	6.5786	23.642	17.303	48.183	426.38	0.0044820	154.82	0.039484	supercritical
298.00	250.25	16.746	0.059716	5.0841	6.5785	23.630	17.303	48.146	426.76	0.0042401	154.98	0.039514	supercritical
298.00	250.83	16.753	0.059692	5.0811	6.5783	23.618	17.304	48.110	427.14	0.0039992	155.14	0.039544	supercritical
298.00	251.42	16.760	0.059668	5.0781	6.5782	23.606	17.305	48.075	427.52	0.0037595	155.30	0.039573	supercritical
298.00	252.00	16.766	0.059644	5.0751	6.5781	23.594	17.306	48.039	427.90	0.0035208	155.46	0.039603	supercritical
298.00	252.58	16.773	0.059620	5.0721	6.5780	23.582	17.307	48.003	428.27	0.0032832	155.62	0.039633	supercritical
298.00	253.17	16.780	0.059596	5.0692	6.5780	23.570	17.308	47.968	428.65	0.0030467	155.78	0.039662	supercritical
298.00	253.75	16.786	0.059572	5.0662	6.5779	23.558	17.309	47.933	429.02	0.0028113	155.94	0.039692	supercritical
298.00	254.33	16.793	0.059548	5.0633	6.5778	23.546	17.310	47.898	429.40	0.0025769	156.10	0.039721	supercritical
298.00	254.92	16.800	0.059525	5.0603	6.5777	23.534	17.311	47.863	429.77	0.0023436	156.26	0.039751	supercritical
298.00	255.50	16.806	0.059501	5.0574	6.5777	23.522	17.312	47.829	430.15	0.0021113	156.41	0.039780	supercritical
298.00	256.08	16.813	0.059478	5.0545	6.5776	23.510	17.313	47.794	430.52	0.0018801	156.57	0.039809	supercritical
298.00	256.67	16.820	0.059454	5.0516	6.5776	23.499	17.314	47.760	430.89	0.0016499	156.73	0.039839	supercritical
298.00	257.25	16.826	0.059431	5.0487	6.5775	23.487	17.315	47.726	431.26	0.0014207	156.89	0.039868	supercritical
298.00	257.83	16.833	0.059408	5.0457	6.5775	23.475	17.316	47.692	431.63	0.0011925	157.04	0.039897	supercritical
298.00	258.42	16.839	0.059385	5.0428	6.5775	23.463	17.317	47.658	432.00	0.00096534	157.20	0.039926	supercritical
298.00	259.00	16.846	0.059362	5.0400	6.5774	23.452	17.318	47.625	432.37	0.00073917	157.36	0.039955	supercritical
298.00	259.58	16.852	0.059339	5.0371	6.5774	23.440	17.319	47.591	432.74	0.00051399	157.51	0.039985	supercritical
298.00	260.17	16.859	0.059316	5.0342	6.5774	23.428	17.320	47.558	433.11	0.00028980	157.67	0.040014	supercritical
298.00	260.75	16.865	0.059293	5.0313	6.5774	23.417	17.321	47.525	433.47	6.6591e-05	157.83	0.040043	supercritical
298.00	261.33	16.872	0.059270	5.0285	6.5774	23.405	17.322	47.492	433.84	-0.00015565	157.98	0.040072	supercritical
298.00	261.92	16.878	0.059247	5.0256	6.5774	23.393	17.323	47.459	434.20	-0.00037692	158.14	0.040101	supercritical
298.00	262.50	16.885	0.059225	5.0228	6.5774	23.382	17.324	47.427	434.57	-0.00059724	158.29	0.040129	supercritical
298.00	263.08	16.891	0.059202	5.0199	6.5774	23.370	17.325	47.394	434.93	-0.00081660	158.45	0.040158	supercritical
298.00	263.67	16.898	0.059180	5.0171	6.5775	23.359	17.326	47.362	435.30	-0.0010350	158.60	0.040187	supercritical
298.00	264.25	16.904	0.059157	5.0143	6.5775	23.347	17.327	47.330	435.66	-0.0012525	158.76	0.040216	supercritical
298.00	264.83	16.910	0.059135	5.0114	6.5775	23.336	17.328	47.298	436.02	-0.0014690	158.91	0.040245	supercritical
298.00	265.42	16.917	0.059113	5.0086	6.5776	23.324	17.329	47.266	436.38	-0.0016847	159.07	0.040273	supercritical
298.00	266.00	16.923	0.059091	5.0058	6.5776	23.313	17.330	47.235	436.74	-0.0018994	159.22	0.040302	supercritical
298.00	266.58	16.930	0.059068	5.0030	6.5777	23.302	17.331	47.203	437.10	-0.0021132	159.38	0.040330	supercritical
298.00	267.17	16.936	0.059046	5.0002	6.5777	23.290	17.332	47.172	437.46	-0.0023260	159.53	0.040359	supercritical
298.00	267.75	16.942	0.059024	4.9974	6.5778	23.279	17.334	47.141	437.82	-0.0025380	159.68	0.040388	supercritical
298.00	268.33	16.948	0.059002	4.9946	6.5779	23.268	17.335	47.109	438.18	-0.0027491	159.84	0.040416	supercritical
298.00	268.92	16.955	0.058981	4.9919	6.5780	23.256	17.336	47.079	438.53	-0.0029593	159.99	0.040444	supercritical
298.00	269.50	16.961	0.058959	4.9891	6.5780	23.245	17.337	47.048	438.89	-0.0031686	160.14	0.040473	supercritical
298.00	270.08	16.967	0.058937	4.9863	6.5781	23.234	17.338	47.017	439.24	-0.0033770	160.30	0.040501	supercritical
298.00	270.67	16.973	0.058915	4.9836	6.5782	23.223	17.339	46.987	439.60	-0.0035846	160.45	0.040530	supercritical
298.00	271.25	16.980	0.058894	4.9808	6.5783	23.212	17.340	46.956	439.95	-0.0037913	160.60	0.040558	supercritical
298.00	271.83	16.986	0.058872	4.9781	6.5784	23.200	17.341	46.926	440.31	-0.0039971	160.75	0.040586	supercritical
298.00	272.42	16.992	0.058851	4.9754	6.5785	23.189	17.342	46.896	440.66	-0.0042021	160.91	0.040614	supercritical
298.00	273.00	16.998	0.058829	4.9726	6.5787	23.178	17.343	46.866	441.01	-0.0044062	161.06	0.040642	supercritical
298.00	273.58	17.004	0.058808	4.9699	6.5788	23.167	17.344	46.836	441.36	-0.0046095	161.21	0.040671	supercritical
298.00	274.17	17.011	0.058787	4.9672	6.5789	23.156	17.345	46.807	441.72	-0.0048120	161.36	0.040699	supercritical
298.00	274.75	17.017	0.058766	4.9645	6.5791	23.145	17.346	46.777	442.07	-0.0050136	161.51	0.040727	supercritical
298.00	275.33	17.023	0.058745	4.9618	6.5792	23.134	17.348	46.748	442.42	-0.0052144	161.67	0.040755	supercritical
298.00	275.92	17.029	0.058723	4.9591	6.5793	23.123	17.349	46.719	442.76	-0.0054144	161.82	0.040783	supercritical
298.00	276.50	17.035	0.058702	4.9564	6.5795	23.112	17.350	46.690	443.11	-0.0056136	161.97	0.040811	supercritical
298.00	277.08	17.041	0.058681	4.9537	6.5796	23.101	17.351	46.661	443.46	-0.0058119	162.12	0.040839	supercritical
298.00	277.67	17.047	0.058661	4.9510	6.5798	23.090	17.352	46.632	443.81	-0.0060095	162.27	0.040866	supercritical
298.00	278.25	17.053	0.058640	4.9483	6.5800	23.079	17.353	46.603	444.16	-0.0062062	162.42	0.040894	supercritical
298.00	278.83	17.059	0.058619	4.9456	6.5801	23.068	17.354	46.574	444.50	-0.0064022	162.57	0.040922	supercritical
298.00	279.42	17.065	0.058598	4.9430	6.5803	23.057	17.355	46.546	444.85	-0.0065973	162.72	0.040950	supercritical
298.00	280.00	17.071	0.058578	4.9403	6.5805	23.046	17.356	46.518	445.19	-0.0067917	162.87	0.040977	supercritical
298.00	280.58	17.077	0.058557	4.9377	6.5807	23.036	17.358	46.489	445.54	-0.0069853	163.02	0.041005	supercritical
298.00	281.17	17.083	0.058537	4.9350	6.5809	23.025	17.359	46.461	445.88	-0.0071781	163.17	0.041033	supercritical
298.00	281.75	17.089	0.058516	4.9324	6.5811	23.014	17.360	46.433	446.22	-0.0073702	163.32	0.041060	supercritical
298.00	282.33	17.095	0.058496	4.9297	6.5813	23.003	17.361	46.406	446.56	-0.0075615	163.47	0.041088	supercritical
298.00	282.92	17.101	0.058475	4.9271	6.5815	22.992	17.362	46.378	446.91	-0.0077520	163.62	0.041116	supercritical
298.00	283.50	17.107	0.058455	4.9245	6.5817	22.982	17.363	46.350	447.25	-0.0079418	163.77	0.041143	supercritical
298.00	284.08	17.113	0.058435	4.9219	6.5819	22.971	17.364	46.323	447.59	-0.0081308	163.91	0.041170	supercritical
298.00	284.67	17.119	0.058415	4.9193	6.5821	22.960	17.366	46.296	447.93	-0.0083191	164.06	0.041198	supercritical
298.00	285.25	17.125	0.058394	4.9167	6.5824	22.950	17.367	46.268	448.27	-0.0085066	164.21	0.041225	supercritical
298.00	285.83	17.131	0.058374	4.9141	6.5826	22.939	17.368	46.241	448.61	-0.0086934	164.36	0.041253	supercritical
298.00	286.42	17.137	0.058354	4.9115	6.5828	22.928	17.369	46.214	448.94	-0.0088795	164.51	0.041280	supercritical
298.00	287.00	17.143	0.058334	4.9089	6.5831	22.918	17.370	46.187	449.28	-0.0090648	164.66	0.041307	supercritical
298.00	287.58	17.148	0.058315	4.9063	6.5833	22.907	17.371	46.161	449.62	-0.0092495	164.80	0.041334	supercritical
298.00	288.17	17.154	0.058295	4.9037	6.5836	22.897	17.372	46.134	449.96	-0.0094334	164.95	0.041362	supercritical
298.00	288.75	17.160	0.058275	4.9011	6.5838	22.886	17.374	46.108	450.29	-0.0096166	165.10	0.041389	supercritical
298.00	289.33	17.166	0.058255	4.8986	6.5841	22.875	17.375	46.081	450.63	-0.0097990	165.25	0.041416	supercritical
298.00	289.92	17.172	0.058236	4.8960	6.5844	22.865	17.376	46.055	450.96	-0.0099808	165.39	0.041443	supercritical
298.00	290.50	17.177	0.058216	4.8934	6.5846	22.854	17.377	46.029	451.30	-0.010162	165.54	0.041470	supercritical
298.00	291.08	17.183	0.058196	4.8909	6.5849	22.844	17.378	46.003	451.63	-0.010342	165.69	0.041497	supercritical
298.00	291.67	17.189	0.058177	4.8884	6.5852	22.834	17.379	45.977	451.96	-0.010522	165.83	0.041524	supercritical
298.00	292.25	17.195	0.058157	4.8858	6.5855	22.823	17.381	45.951	452.29	-0.010701	165.98	0.041551	supercritical
298.00	292.83	17.200	0.058138	4.8833	6.5858	22.813	17.382	45.925	452.63	-0.010879	166.13	0.041578	supercritical
298.00	293.42	17.206	0.058119	4.8807	6.5860	22.802	17.383	45.899	452.96	-0.011057	166.27	0.041605	supercritical
298.00	294.00	17.212	0.058099	4.8782	6.5863	22.792	17.384	45.874	453.29	-0.011234	166.42	0.041632	supercritical
298.00	294.58	17.218	0.058080	4.8757	6.5866	22.782	17.385	45.848	453.62	-0.011410	166.56	0.041659	supercritical
298.00	295.17	17.223	0.058061	4.8732	6.5870	22.771	17.387	45.823	453.95	-0.011586	166.71	0.041685	supercritical
298.00	295.75	17.229	0.058042	4.8707	6.5873	22.761	17.388	45.798	454.28	-0.011761	166.86	0.041712	supercritical
298.00	296.33	17.235	0.058023	4.8682	6.5876	22.751	17.389	45.773	454.61	-0.011935	167.00	0.041739	supercritical
298.00	296.92	17.240	0.058004	4.8657	6.5879	22.740	17.390	45.748	454.94	-0.012109	167.15	0.041766	supercritical
298.00	297.50	17.246	0.057985	4.8632	6.5882	22.730	17.391	45.723	455.26	-0.012282	167.29	0.041792	supercritical
298.00	298.08	17.252	0.057966	4.8607	6.5886	22.720	17.393	45.698	455.59	-0.012454	167.44	0.041819	supercritical
298.00	298.67	17.257	0.057947	4.8582	6.5889	22.710	17.394	45.673	455.92	-0.012626	167.58	0.041845	supercritical
298.00	299.25	17.263	0.057928	4.8557	6.5892	22.699	17.395	45.649	456.24	-0.012797	167.73	0.041872	supercritical
298.00	299.83	17.268	0.057909	4.8533	6.5896	22.689	17.396	45.624	456.57	-0.012967	167.87	0.041899	supercritical
298.00	300.42	17.274	0.057891	4.8508	6.5899	22.679	17.397	45.600	456.89	-0.013137	168.01	0.041925	supercritical
298.00	301.00	17.279	0.057872	4.8483	6.5903	22.669	17.398	45.576	457.22	-0.013306	168.16	0.041952	supercritical
298.00	301.58	17.285	0.057853	4.8459	6.5906	22.659	17.400	45.552	457.54	-0.013475	168.30	0.041978	supercritical
298.00	302.17	17.291	0.057835	4.8434	6.5910	22.649	17.401	45.527	457.86	-0.013643	168.45	0.042004	supercritical
298.00	302.75	17.296	0.057816	4.8410	6.5914	22.639	17.402	45.504	458.19	-0.013810	168.59	0.042031	supercritical
298.00	303.33	17.302	0.057798	4.8385	6.5917	22.628	17.403	45.480	458.51	-0.013977	168.73	0.042057	supercritical
298.00	303.92	17.307	0.057779	4.8361	6.5921	22.618	17.405	45.456	458.83	-0.014143	168.88	0.042083	supercritical
298.00	304.50	17.313	0.057761	4.8336	6.5925	22.608	17.406	45.432	459.15	-0.014308	169.02	0.042110	supercritical
298.00	305.08	17.318	0.057743	4.8312	6.5929	22.598	17.407	45.409	459.47	-0.014473	169.16	0.042136	supercritical
298.00	305.67	17.324	0.057724	4.8288	6.5932	22.588	17.408	45.385	459.79	-0.014637	169.31	0.042162	supercritical
298.00	306.25	17.329	0.057706	4.8264	6.5936	22.578	17.409	45.362	460.11	-0.014801	169.45	0.042188	supercritical
298.00	306.83	17.335	0.057688	4.8240	6.5940	22.568	17.411	45.338	460.43	-0.014964	169.59	0.042214	supercritical
298.00	307.42	17.340	0.057670	4.8216	6.5944	22.558	17.412	45.315	460.75	-0.015127	169.74	0.042240	supercritical
298.00	308.00	17.346	0.057652	4.8191	6.5948	22.548	17.413	45.292	461.07	-0.015288	169.88	0.042266	supercritical
298.00	308.58	17.351	0.057634	4.8167	6.5952	22.539	17.414	45.269	461.39	-0.015450	170.02	0.042293	supercritical
298.00	309.17	17.356	0.057616	4.8144	6.5956	22.529	17.416	45.246	461.71	-0.015610	170.16	0.042319	supercritical
298.00	309.75	17.362	0.057598	4.8120	6.5961	22.519	17.417	45.223	462.02	-0.015771	170.30	0.042345	supercritical
298.00	310.33	17.367	0.057580	4.8096	6.5965	22.509	17.418	45.200	462.34	-0.015930	170.45	0.042370	supercritical
298.00	310.92	17.373	0.057562	4.8072	6.5969	22.499	17.419	45.178	462.66	-0.016089	170.59	0.042396	supercritical
298.00	311.50	17.378	0.057544	4.8048	6.5973	22.489	17.420	45.155	462.97	-0.016248	170.73	0.042422	supercritical
298.00	312.08	17.383	0.057526	4.8024	6.5977	22.479	17.422	45.132	463.29	-0.016406	170.87	0.042448	supercritical
298.00	312.67	17.389	0.057509	4.8001	6.5982	22.470	17.423	45.110	463.60	-0.016563	171.01	0.042474	supercritical
298.00	313.25	17.394	0.057491	4.7977	6.5986	22.460	17.424	45.088	463.91	-0.016720	171.15	0.042500	supercritical
298.00	313.83	17.399	0.057473	4.7954	6.5991	22.450	17.425	45.065	464.23	-0.016876	171.30	0.042525	supercritical
298.00	314.42	17.405	0.057456	4.7930	6.5995	22.440	17.427	45.043	464.54	-0.017031	171.44	0.042551	supercritical
298.00	315.00	17.410	0.057438	4.7907	6.6000	22.431	17.428	45.021	464.85	-0.017187	171.58	0.042577	supercritical
298.00	315.58	17.415	0.057421	4.7883	6.6004	22.421	17.429	44.999	465.17	-0.017341	171.72	0.042603	supercritical
298.00	316.17	17.421	0.057403	4.7860	6.6009	22.411	17.430	44.977	465.48	-0.017495	171.86	0.042628	supercritical
298.00	316.75	17.426	0.057386	4.7836	6.6013	22.401	17.432	44.956	465.79	-0.017649	172.00	0.042654	supercritical
298.00	317.33	17.431	0.057369	4.7813	6.6018	22.392	17.433	44.934	466.10	-0.017802	172.14	0.042679	supercritical
298.00	317.92	17.436	0.057351	4.7790	6.6023	22.382	17.434	44.912	466.41	-0.017954	172.28	0.042705	supercritical
298.00	318.50	17.442	0.057334	4.7766	6.6027	22.372	17.435	44.891	466.72	-0.018106	172.42	0.042730	supercritical
298.00	319.08	17.447	0.057317	4.7743	6.6032	22.363	17.437	44.869	467.03	-0.018257	172.56	0.042756	supercritical
298.00	319.67	17.452	0.057300	4.7720	6.6037	22.353	17.438	44.848	467.34	-0.018408	172.70	0.042781	supercritical
298.00	320.25	17.457	0.057282	4.7697	6.6042	22.344	17.439	44.826	467.65	-0.018558	172.84	0.042807	supercritical
298.00	320.83	17.463	0.057265	4.7674	6.6047	22.334	17.440	44.805	467.95	-0.018708	172.98	0.042832	supercritical
298.00	321.42	17.468	0.057248	4.7651	6.6052	22.324	17.442	44.784	468.26	-0.018857	173.12	0.042858	supercritical
298.00	322.00	17.473	0.057231	4.7628	6.6056	22.315	17.443	44.763	468.57	-0.019006	173.26	0.042883	supercritical
298.00	322.58	17.478	0.057214	4.7605	6.6061	22.305	17.444	44.742	468.88	-0.019154	173.40	0.042908	supercritical
298.00	323.17	17.483	0.057197	4.7582	6.6066	22.296	17.445	44.721	469.18	-0.019302	173.53	0.042934	supercritical
298.00	323.75	17.489	0.057180	4.7559	6.6072	22.286	17.447	44.700	469.49	-0.019449	173.67	0.042959	supercritical
298.00	324.33	17.494	0.057163	4.7537	6.6077	22.277	17.448	44.679	469.79	-0.019596	173.81	0.042984	supercritical
298.00	324.92	17.499	0.057147	4.7514	6.6082	22.267	17.449	44.659	470.10	-0.019742	173.95	0.043009	supercritical
298.00	325.50	17.504	0.057130	4.7491	6.6087	22.258	17.450	44.638	470.40	-0.019888	174.09	0.043034	supercritical
298.00	326.08	17.509	0.057113	4.7468	6.6092	22.249	17.452	44.617	470.71	-0.020033	174.23	0.043060	supercritical
298.00	326.67	17.514	0.057096	4.7446	6.6097	22.239	17.453	44.597	471.01	-0.020178	174.37	0.043085	supercritical
298.00	327.25	17.519	0.057080	4.7423	6.6103	22.230	17.454	44.577	471.31	-0.020322	174.50	0.043110	supercritical
298.00	327.83	17.524	0.057063	4.7401	6.6108	22.220	17.455	44.556	471.62	-0.020466	174.64	0.043135	supercritical
298.00	328.42	17.530	0.057046	4.7378	6.6113	22.211	17.457	44.536	471.92	-0.020610	174.78	0.043160	supercritical
298.00	329.00	17.535	0.057030	4.7356	6.6119	22.202	17.458	44.516	472.22	-0.020752	174.92	0.043185	supercritical
298.00	329.58	17.540	0.057013	4.7333	6.6124	22.192	17.459	44.496	472.52	-0.020895	175.06	0.043210	supercritical
298.00	330.17	17.545	0.056997	4.7311	6.6129	22.183	17.460	44.476	472.82	-0.021037	175.19	0.043235	supercritical
298.00	330.75	17.550	0.056981	4.7289	6.6135	22.174	17.462	44.456	473.12	-0.021178	175.33	0.043260	supercritical
298.00	331.33	17.555	0.056964	4.7266	6.6140	22.164	17.463	44.436	473.42	-0.021319	175.47	0.043284	supercritical
298.00	331.92	17.560	0.056948	4.7244	6.6146	22.155	17.464	44.416	473.72	-0.021459	175.60	0.043309	supercritical
298.00	332.50	17.565	0.056932	4.7222	6.6152	22.146	17.466	44.396	474.02	-0.021599	175.74	0.043334	supercritical
298.00	333.08	17.570	0.056915	4.7200	6.6157	22.136	17.467	44.377	474.32	-0.021739	175.88	0.043359	supercritical
298.00	333.67	17.575	0.056899	4.7177	6.6163	22.127	17.468	44.357	474.62	-0.021878	176.02	0.043384	supercritical
298.00	334.25	17.580	0.056883	4.7155	6.6168	22.118	17.469	44.337	474.92	-0.022016	176.15	0.043408	supercritical
298.00	334.83	17.585	0.056867	4.7133	6.6174	22.109	17.471	44.318	475.21	-0.022155	176.29	0.043433	supercritical
298.00	335.42	17.590	0.056851	4.7111	6.6180	22.100	17.472	44.299	475.51	-0.022292	176.42	0.043458	supercritical
298.00	336.00	17.595	0.056834	4.7089	6.6186	22.090	17.473	44.279	475.81	-0.022429	176.56	0.043483	supercritical
298.00	336.58	17.600	0.056818	4.7067	6.6192	22.081	17.474	44.260	476.10	-0.022566	176.70	0.043507	supercritical
298.00	337.17	17.605	0.056802	4.7045	6.6197	22.072	17.476	44.241	476.40	-0.022703	176.83	0.043532	supercritical
298.00	337.75	17.610	0.056786	4.7024	6.6203	22.063	17.477	44.222	476.70	-0.022838	176.97	0.043556	supercritical
298.00	338.33	17.615	0.056770	4.7002	6.6209	22.054	17.478	44.203	476.99	-0.022974	177.11	0.043581	supercritical
298.00	338.92	17.620	0.056755	4.6980	6.6215	22.045	17.480	44.184	477.29	-0.023109	177.24	0.043605	supercritical
298.00	339.50	17.625	0.056739	4.6958	6.6221	22.036	17.481	44.165	477.58	-0.023243	177.38	0.043630	supercritical
298.00	340.08	17.630	0.056723	4.6937	6.6227	22.026	17.482	44.146	477.87	-0.023378	177.51	0.043654	supercritical
298.00	340.67	17.634	0.056707	4.6915	6.6233	22.017	17.483	44.127	478.17	-0.023511	177.65	0.043679	supercritical
298.00	341.25	17.639	0.056691	4.6893	6.6239	22.008	17.485	44.109	478.46	-0.023644	177.78	0.043703	supercritical
298.00	341.83	17.644	0.056676	4.6872	6.6245	21.999	17.486	44.090	478.75	-0.023777	177.92	0.043728	supercritical
298.00	342.42	17.649	0.056660	4.6850	6.6251	21.990	17.487	44.071	479.05	-0.023910	178.05	0.043752	supercritical
298.00	343.00	17.654	0.056644	4.6829	6.6258	21.981	17.489	44.053	479.34	-0.024042	178.19	0.043776	supercritical
298.00	343.58	17.659	0.056629	4.6807	6.6264	21.972	17.490	44.034	479.63	-0.024173	178.32	0.043801	supercritical
298.00	344.17	17.664	0.056613	4.6786	6.6270	21.963	17.491	44.016	479.92	-0.024304	178.46	0.043825	supercritical
298.00	344.75	17.669	0.056598	4.6764	6.6276	21.954	17.492	43.998	480.21	-0.024435	178.59	0.043849	supercritical
298.00	345.33	17.673	0.056582	4.6743	6.6283	21.945	17.494	43.979	480.50	-0.024565	178.73	0.043874	supercritical
298.00	345.92	17.678	0.056567	4.6722	6.6289	21.936	17.495	43.961	480.79	-0.024695	178.86	0.043898	supercritical
298.00	346.50	17.683	0.056551	4.6700	6.6295	21.927	17.496	43.943	481.08	-0.024825	178.99	0.043922	supercritical
298.00	347.08	17.688	0.056536	4.6679	6.6302	21.918	17.498	43.925	481.37	-0.024954	179.13	0.043946	supercritical
298.00	347.67	17.693	0.056520	4.6658	6.6308	21.910	17.499	43.907	481.66	-0.025082	179.26	0.043970	supercritical
298.00	348.25	17.698	0.056505	4.6637	6.6314	21.901	17.500	43.889	481.95	-0.025211	179.40	0.043994	supercritical
298.00	348.83	17.702	0.056490	4.6615	6.6321	21.892	17.501	43.871	482.24	-0.025339	179.53	0.044018	supercritical
298.00	349.42	17.707	0.056475	4.6594	6.6327	21.883	17.503	43.853	482.52	-0.025466	179.66	0.044042	supercritical
298.00	350.00	17.712	0.056459	4.6573	6.6334	21.874	17.504	43.836	482.81	-0.025593	179.80	0.044067	supercritical
